,Code,Date,Amount,North,PE,MainForce,MainForceRatio,rev_yoy,profit_yoy,Close
0,002462.SZ,20220609,2666.3016,0.0,11.0047,-283.63,-0.106375812848779,11.19,-3.65,13.35
1,002462.SZ,20220608,3806.5823,0.0,11.2272,-209.96000000000004,-0.0551570893396945,11.19,-3.65,13.62
2,002462.SZ,20220607,4231.245,0.0,11.3179,12.14999999999992,0.0028714952691228,11.19,-3.65,13.73
3,002462.SZ,20220602,3371.5017,0.0,11.153,-508.48,-0.1508170676586044,11.19,-3.65,13.53
4,002462.SZ,20220601,3346.5958,0.0,11.2272,-293.5100000000001,-0.0877040483944909,11.19,-3.65,13.62
5,002462.SZ,20220530,6925.351700000001,0.0,11.1695,780.3099999999998,0.1126744220080548,11.19,-3.65,13.55
6,002462.SZ,20220527,2828.9021,0.0,10.8151,121.81,0.0430591076304832,11.19,-3.65,13.12
7,002462.SZ,20220526,2668.4058,0.0,10.7903,-164.48000000000005,-0.0616398000633936,11.19,-3.65,13.09
8,002462.SZ,20220525,2670.4282,0.0,10.6997,-80.65999999999997,-0.0302048937320239,11.19,-3.65,12.98
9,002462.SZ,20220524,4140.272,0.0,10.5101,-552.47,-0.1334380929562116,11.19,-3.65,12.75
10,002462.SZ,20220523,3130.4324,0.0,10.9799,52.75,0.0168507072697049,11.19,-3.65,13.32
11,002462.SZ,20220520,2962.6569,0.0,10.848,-26.769999999999985,-0.0090358083651198,11.19,-3.65,13.16
12,002462.SZ,20220519,2479.7515,0.0,10.6997,7.650000000000006,0.0030849865399819,11.19,-3.65,12.98
13,002462.SZ,20220518,3298.7199,0.0,10.7244,-324.97,-0.0985139720410938,11.19,-3.65,13.01
14,002462.SZ,20220513,3295.6676,0.0,10.9469,-198.31,-0.0601729373435597,11.19,-3.65,13.28
15,002462.SZ,20220512,3341.4514000000004,0.0,10.9469,32.35000000000003,0.0096814216720315,11.19,-3.65,13.28
16,002462.SZ,20220511,4839.585300000001,0.0,10.8315,-243.61999999999995,-0.0503390238828934,11.19,-3.65,13.14
17,002462.SZ,20220510,4004.2664,0.0,10.914,-30.879999999999995,-0.007711774621189,11.19,-3.65,13.24
18,002462.SZ,20220506,3550.1267999999995,0.0,10.543,-178.26,-0.0502122910088732,11.19,-3.65,12.79
19,002462.SZ,20220428,4708.3264,0.0,10.2957,-608.1299999999999,-0.1291605441797747,10.19,11.43,12.49
20,002462.SZ,20220427,5190.2009,0.0,10.576,411.9500000000001,0.0793707233953121,10.19,11.43,12.83
21,002462.SZ,20220426,5326.6333,0.0,10.2463,-366.8200000000001,-0.0688652624163184,10.19,11.43,12.43
22,002462.SZ,20220425,6302.6981,0.0,10.1803,-414.18000000000006,-0.0657147135129318,10.19,11.43,12.35
23,002462.SZ,20220422,4878.3242,0.0,10.9799,-13.96000000000008,-0.0028616384290326,10.19,11.43,13.32
24,002462.SZ,20220421,7855.1591,0.0,10.9799,-451.2900000000001,-0.0574514143195393,10.19,11.43,13.32
25,002462.SZ,20220420,7456.8814,0.0,11.4086,-736.4099999999999,-0.0987557613562152,10.19,11.43,13.84
26,002462.SZ,20220419,9814.6955,0.0,11.4828,-2939.64,-0.2995141316406606,10.19,11.43,13.93
27,002462.SZ,20220414,11055.2981,0.0,12.5626,-43.14999999999975,-0.0039031059687119,10.19,11.43,15.24
28,002462.SZ,20220413,11659.6784,0.0,12.5791,483.8800000000001,0.0415002870062007,10.19,11.43,15.26
29,002462.SZ,20220412,15962.1633,0.0,12.8841,569.3899999999998,0.035671230102,10.19,11.43,15.63
30,002462.SZ,20220411,20222.0402,0.0,12.5379,-355.6200000000001,-0.0175857626867935,10.19,11.43,15.21
31,002462.SZ,20220407,32791.9732,0.0,12.9583,-1720.2000000000005,-0.0524579594374638,10.19,11.43,15.72
32,002462.SZ,20220406,16090.8886,0.0,13.1561,5271.68,0.3276189482785929,10.19,11.43,15.96
33,002462.SZ,20220401,29999.9238,0.0,11.9609,-5674.849999999999,-0.1891621471385203,10.19,11.43,14.51
34,002462.SZ,20220331,42280.7421,0.0,12.8511,3868.52,0.0914960288741005,10.19,11.43,15.59
35,002462.SZ,20220330,8208.6276,0.0,12.101,-651.26,-0.0793384755327431,10.19,11.43,14.68
36,002462.SZ,20220328,8338.477,0.0,13.6859,-1080.64,-0.1295968076664359,18.8,8.43,14.9
37,002462.SZ,20220325,13806.6781,0.0,13.6491,-1463.44,-0.1059950836399959,18.8,8.43,14.86
38,002462.SZ,20220324,14167.1228,0.0,14.4115,1825.85,0.1288793797989807,18.8,8.43,15.69
39,002462.SZ,20220322,19619.5156,0.0,14.1635,-2760.89,-0.140721619039361,18.8,8.43,15.42
40,002462.SZ,20220318,15526.628,0.0,14.0165,85.10999999999976,0.0054815507913244,18.8,8.43,15.26
41,002462.SZ,20220316,14029.0529,0.0,13.493,-1242.5400000000002,-0.0885690580010572,18.8,8.43,14.69
42,002462.SZ,20220314,18535.0005,0.0,13.4654,-760.0900000000001,-0.0410083614510827,18.8,8.43,14.66
43,002462.SZ,20220311,26375.8877,0.0,13.9614,1656.8700000000003,0.0628176013958385,18.8,8.43,15.2
44,002462.SZ,20220310,17079.142,0.0,13.7594,3583.9300000000007,0.2098425084819835,18.8,8.43,14.98
45,002462.SZ,20220309,10529.0622,0.0,12.5102,-1430.92,-0.1359019419602251,18.8,8.43,13.62
46,002462.SZ,20220308,12370.0427,0.0,12.8133,-2408.26,-0.1946848574742591,18.8,8.43,13.95
47,002462.SZ,20220307,14710.9359,0.0,13.5757,-204.9300000000001,-0.0139304529224411,18.8,8.43,14.78
48,002462.SZ,20220303,4271.3581,0.0,12.9878,-144.23999999999995,-0.0337691190069032,18.8,8.43,14.14
49,002462.SZ,20220302,4292.8775000000005,0.0,12.9603,-318.65,-0.0742276014165323,18.8,8.43,14.11
50,002462.SZ,20220301,8918.6724,0.0,12.8592,1384.9699999999998,0.1552888073341498,18.8,8.43,14.0
51,002462.SZ,20220228,2366.0736,0.0,12.1703,-572.61,-0.2420085326170749,18.8,8.43,13.25
52,002462.SZ,20220225,2079.9139,0.0,12.2346,281.17,0.1351834804315698,18.8,8.43,13.32
53,002462.SZ,20220224,3811.798,0.0,12.1244,232.72000000000003,0.061052553152082,18.8,8.43,13.2
54,002462.SZ,20220223,1480.6703,0.0,12.3265,216.96,0.1465282311666547,18.8,8.43,13.42
55,002462.SZ,20220222,1658.5597000000002,0.0,12.3081,-63.68999999999998,-0.03840078834666,18.8,8.43,13.4
56,002462.SZ,20220221,1802.2416,0.0,12.3816,-137.9,-0.0765158234056965,18.8,8.43,13.48
57,002462.SZ,20220218,2042.0395,0.0,12.3265,115.3,0.056463158523623,18.8,8.43,13.42
58,002462.SZ,20220217,2295.6931,0.0,12.1244,148.46000000000004,0.0646689228625551,18.8,8.43,13.2
59,002462.SZ,20220216,2628.609,0.0,12.2438,74.77999999999997,0.0284485064153702,18.8,8.43,13.33
60,002462.SZ,20220215,1956.6235,0.0,12.106,-100.22999999999998,-0.0512260023453668,18.8,8.43,13.18
61,002462.SZ,20220214,1600.3333,0.0,12.106,34.55000000000001,0.0215892526887992,18.8,8.43,13.18
62,002462.SZ,20220209,1883.444,0.0,12.253,32.860000000000014,0.0174467624203321,18.8,8.43,13.34
63,002462.SZ,20220208,2427.5411,0.0,12.1979,-279.66,-0.1152029928556101,18.8,8.43,13.28
64,002462.SZ,20220207,2098.4245,0.0,11.9683,67.28000000000003,0.0320621494840534,18.8,8.43,13.03
65,002462.SZ,20220128,1887.0812,0.0,11.7662,-49.540000000000006,-0.0262521824710033,18.8,8.43,12.81
66,002462.SZ,20220127,2759.5875,0.0,11.6651,-78.64000000000004,-0.0284970126875846,18.8,8.43,12.7
67,002462.SZ,20220126,2425.7343,0.0,11.904,45.870000000000005,0.0189097379708898,18.8,8.43,12.96
68,002462.SZ,20220124,3226.8593,0.0,12.2806,-469.04,-0.1453549586125431,18.8,8.43,13.37
69,002462.SZ,20220121,3110.921,0.0,12.4826,-393.3,-0.1264255826489969,18.8,8.43,13.59
70,002462.SZ,20220120,3757.6142,0.0,12.5837,-395.92,-0.105364728502463,18.8,8.43,13.7
71,002462.SZ,20220119,3104.7044,0.0,12.8776,-201.79999999999995,-0.0649981363765258,18.8,8.43,14.02
72,002462.SZ,20220118,5980.9668,0.0,12.7306,-768.69,-0.1285226997080137,18.8,8.43,13.86
73,002462.SZ,20220117,5664.5104,0.0,13.0705,-314.21000000000004,-0.0554699308169687,18.8,8.43,14.23
74,002462.SZ,20220113,6734.5908,0.0,13.1072,-375.3999999999999,-0.0557420652788585,18.8,8.43,14.27
75,002462.SZ,20220112,7616.4524,0.0,13.1623,161.02999999999997,0.0211423890734221,18.8,8.43,14.33
76,002462.SZ,20220111,7748.9167,0.0,13.1348,-8.580000000000041,-0.001107251546529,18.8,8.43,14.3
77,002462.SZ,20220110,4868.7033,0.0,12.9143,-405.55,-0.0832973329880257,18.8,8.43,14.06
78,002462.SZ,20220107,8582.9965,0.0,12.749,-1834.34,-0.2137179014345398,18.8,8.43,13.88
79,002462.SZ,20220106,5517.32,0.0,13.0245,-425.69,-0.0771552130382142,18.8,8.43,14.18
80,002462.SZ,20220105,9145.0231,0.0,12.9694,-408.4599999999999,-0.0446647313553532,18.8,8.43,14.12
81,002462.SZ,20220104,13193.8052,0.0,13.1899,-203.04,-0.0153890403050668,18.8,8.43,14.36
82,002462.SZ,20211231,9819.1775,0.0,12.9235,356.61999999999966,0.0363187242515984,18.8,8.43,14.07
83,002462.SZ,20211229,10922.2066,0.0,12.5653,405.9000000000002,0.037162820194227,18.8,8.43,13.68
84,002462.SZ,20211228,9085.7594,0.0,12.3081,-2026.95,-0.2230908733946884,18.8,8.43,13.4
85,002462.SZ,20211224,3761.0944,0.0,11.9591,21.539999999999964,0.0057270564652671,18.8,8.43,13.02
86,002462.SZ,20211223,1973.4819,0.0,11.858,-149.55,-0.0757797677293113,18.8,8.43,12.91
87,002462.SZ,20211222,2777.7966,0.0,12.0417,280.77,0.1010765151055336,18.8,8.43,13.11
88,002462.SZ,20211220,2390.7253,0.0,11.904,-329.7,-0.1379079394859794,18.8,8.43,12.96
89,002462.SZ,20211217,2664.2039,0.0,11.858,-377.18,-0.1415732482037129,18.8,8.43,12.91
90,002462.SZ,20211216,3184.1997,0.0,11.904,-14.72000000000004,-0.0046228256349625,18.8,8.43,12.96
91,002462.SZ,20211215,5858.8916,0.0,11.9774,768.22,0.1311203641316729,18.8,8.43,13.04
92,002462.SZ,20211214,2774.0558,0.0,11.656,-441.73,-0.1592361624448938,18.8,8.43,12.69
93,002462.SZ,20211213,4250.5484,0.0,11.7203,572.01,0.1345732235398143,18.8,8.43,12.76
94,002462.SZ,20211210,1563.668,0.0,11.4998,134.50000000000003,0.0860157015427827,18.8,8.43,12.52
95,002462.SZ,20211209,2078.8825,0.0,11.4263,-380.86,-0.1832041974474266,18.8,8.43,12.44
96,002462.SZ,20211207,1259.9631,0.0,11.3529,192.79,0.1530124175858801,18.8,8.43,12.36
97,002462.SZ,20211203,1212.569,0.0,11.3712,-247.24,-0.2038976751013756,18.8,8.43,12.38
98,002462.SZ,20211202,1057.595,0.0,11.3529,65.66,0.0620842572062084,18.8,8.43,12.36
99,002462.SZ,20211201,1283.8728,0.0,11.4263,-142.17,-0.110735269101425,18.8,8.43,12.44
100,002462.SZ,20211130,1693.1561000000002,0.0,11.3437,-222.89000000000004,-0.1316417310843341,18.8,8.43,12.35
101,002462.SZ,20211126,945.7452,0.0,11.2794,47.88999999999999,0.0506373175354207,18.8,8.43,12.28
102,002462.SZ,20211125,1587.6938,0.0,11.362,-7.140000000000015,-0.0044970887963409,18.8,8.43,12.37
103,002462.SZ,20211124,886.2362999999999,0.0,11.2518,-3.6999999999999886,-0.0041749587553567,18.8,8.43,12.25
104,002462.SZ,20211122,921.6929,0.0,11.2151,96.82,0.1050458346809441,18.8,8.43,12.21
105,002462.SZ,20211119,1038.2261,0.0,11.2518,-104.2,-0.1003634950036413,18.8,8.43,12.25
106,002462.SZ,20211117,997.1843,0.0,11.3345,74.58,0.0747905878582324,18.8,8.43,12.34
107,002462.SZ,20211116,1524.8296,0.0,11.2886,2.680000000000007,0.0017575734364023,18.8,8.43,12.29
108,002462.SZ,20211112,988.4603,0.0,11.1691,-230.77,-0.2334641057410196,18.8,8.43,12.16
109,002462.SZ,20211111,1245.949,0.0,11.1416,105.48000000000002,0.0846583608157316,18.8,8.43,12.13
110,002462.SZ,20211110,1593.4947,0.0,11.0589,-237.65000000000003,-0.1491376155816521,18.8,8.43,12.04
111,002462.SZ,20211109,811.3899,0.0,10.9854,-123.88,-0.1526762903999667,18.8,8.43,11.96
112,002462.SZ,20211108,1118.9591,0.0,10.9395,-141.52999999999997,-0.1264836221449023,18.8,8.43,11.91
113,002462.SZ,20211105,1627.4861,0.0,10.9763,-223.95,-0.1376048618786974,18.8,8.43,11.95
114,002462.SZ,20211101,1237.6251,0.0,11.3069,-57.860000000000014,-0.0467508294717035,18.8,8.43,12.31
115,002462.SZ,20211028,2324.9842,0.0,11.1691,-233.19,-0.1002974557848608,18.8,8.43,12.16
116,002462.SZ,20211026,1615.467,0.0,11.6743,-120.71,-0.0747214273024456,18.8,8.43,12.71
117,002462.SZ,20211022,1272.9139,0.0,11.757,30.379999999999995,0.0238665003186782,29.35,29.12,12.8
118,002462.SZ,20211021,1450.0191,0.0,11.7937,-279.45000000000005,-0.1927215993223813,29.35,29.12,12.84
119,002462.SZ,20211020,1268.6221,0.0,11.8397,-242.62,-0.1912468653982931,29.35,29.12,12.89
120,002462.SZ,20211019,1237.2536,0.0,11.904,52.5,0.0424326912445435,29.35,29.12,12.96
121,002462.SZ,20211018,1584.0349,0.0,11.9407,-236.38,-0.1492265100977257,29.35,29.12,13.0
122,002462.SZ,20211015,1272.7247,0.0,11.9223,17.50999999999999,0.0137578849534388,29.35,29.12,12.98
123,002462.SZ,20211012,1758.1351,0.0,11.858,-316.25,-0.1798780992427715,29.35,29.12,12.91
124,002462.SZ,20210930,1141.6280000000002,0.0,11.7019,-166.78,-0.1460896193856492,29.35,29.12,12.74
125,002462.SZ,20210928,1603.0002,0.0,11.757,-236.18,-0.1473362261589237,29.35,29.12,12.8
126,002462.SZ,20210927,3169.0528,0.0,11.8213,16.640000000000043,0.0052507802962449,29.35,29.12,12.87
127,002462.SZ,20210924,2383.8314,0.0,11.9131,-123.76,-0.0519164232839621,29.35,29.12,12.97
128,002462.SZ,20210917,2382.7175,0.0,11.9774,-282.36,-0.1185033475432987,29.35,29.12,13.04
129,002462.SZ,20210916,3504.7219,0.0,11.9683,-70.95999999999998,-0.0202469702374958,29.35,29.12,13.03
130,002462.SZ,20210914,4235.5463,0.0,11.9774,-1307.34,-0.3086591214927812,29.35,29.12,13.04
131,002462.SZ,20210913,2906.2454,0.0,12.1795,-504.12,-0.1734609197144879,29.35,29.12,13.26
132,002462.SZ,20210910,3452.9324,0.0,12.1152,-438.27,-0.1269268984240757,29.35,29.12,13.19
133,002462.SZ,20210909,4322.2034,0.0,12.2346,-285.3799999999999,-0.0660265086090117,29.35,29.12,13.32
134,002462.SZ,20210908,3545.8644,0.0,12.1611,-753.15,-0.2124023693630247,29.35,29.12,13.24
135,002462.SZ,20210907,3368.0949,0.0,12.152,-659.1499999999999,-0.1957041056058129,29.35,29.12,13.23
136,002462.SZ,20210906,3136.4339,0.0,12.1887,-145.59000000000003,-0.0464189600807464,29.35,29.12,13.27
137,002462.SZ,20210903,2989.2138,0.0,12.1611,-140.90999999999997,-0.0471394853054672,29.35,29.12,13.24
138,002462.SZ,20210902,2535.0863,0.0,12.0785,1.0600000000001015,0.0004181317219852,29.35,29.12,13.15
139,002462.SZ,20210901,2576.7435,0.0,12.1152,-35.969999999999985,-0.0139594802509446,29.35,29.12,13.19
140,002462.SZ,20210830,2310.1335,0.0,11.9315,-165.63999999999993,-0.07170148391857,29.35,29.12,12.99
141,002462.SZ,20210827,1579.8524,0.0,12.0601,-17.299999999999983,-0.0109503900490957,29.35,29.12,13.13
142,002462.SZ,20210826,2634.0249,0.0,12.0601,265.68999999999994,0.1008684466118752,43.51,60.51,13.13
143,002462.SZ,20210825,1981.8699,0.0,11.9866,148.51,0.0749342830223114,43.51,60.51,13.05
144,002462.SZ,20210824,1622.7078,0.0,11.8856,-8.390000000000043,-0.0051703701676913,43.51,60.51,12.94
145,002462.SZ,20210823,1884.1954,0.0,11.8948,-107.09999999999998,-0.0568412384405566,43.51,60.51,12.95
146,002462.SZ,20210820,1616.8905,0.0,11.7937,-96.08999999999996,-0.0594288852584636,43.51,60.51,12.84
147,002462.SZ,20210819,2309.3692,0.0,11.9223,-310.56,-0.1344782809089166,43.51,60.51,12.98
148,002462.SZ,20210818,1342.1747,0.0,11.8764,117.77999999999996,0.0877531069539605,43.51,60.51,12.93
149,002462.SZ,20210817,1796.6514,0.0,11.7203,134.11,0.0746444190564736,43.51,60.51,12.76
150,002462.SZ,20210816,1781.1255,0.0,11.8213,-134.0,-0.075233328589142,43.51,60.51,12.87
151,002462.SZ,20210813,1814.9664,0.0,11.7478,-97.59,-0.0537695904453107,43.51,60.51,12.79
152,002462.SZ,20210812,1682.6659,0.0,11.8029,-695.3199999999999,-0.413225227895805,43.51,60.51,12.85
153,002462.SZ,20210810,1212.0441,0.0,11.858,-44.940000000000026,-0.0370778588006822,43.51,60.51,12.91
154,002462.SZ,20210809,1284.7918,0.0,11.8672,-105.82999999999998,-0.0823713227310448,43.51,60.51,12.92
155,002462.SZ,20210805,1164.5141,0.0,11.7203,-5.37999999999999,-0.0046199526480615,43.51,60.51,12.76
156,002462.SZ,20210804,1291.4378000000002,0.0,11.8213,-19.349999999999994,-0.0149833000087189,43.51,60.51,12.87
157,002462.SZ,20210802,2167.0024000000003,0.0,11.7019,-337.23,-0.1556205013893846,43.51,60.51,12.74
158,002462.SZ,20210729,1198.261,0.0,11.6192,-26.25,-0.0219067465268418,43.51,60.51,12.65
159,002462.SZ,20210728,1994.7594,0.0,11.5549,-213.19000000000003,-0.1068750446795739,43.51,60.51,12.58
160,002462.SZ,20210726,1933.2453,0.0,11.8672,-92.28000000000004,-0.0477332079896948,43.51,60.51,12.92
161,002462.SZ,20210723,2223.9998,0.0,11.9131,-811.85,-0.3650405004532824,43.51,60.51,12.97
162,002462.SZ,20210722,1307.0486,0.0,12.0693,-199.05,-0.1522896700245117,43.51,60.51,13.14
163,002462.SZ,20210721,1886.4329,0.0,12.0601,-224.84000000000003,-0.119187912806228,43.51,60.51,13.13
164,002462.SZ,20210719,1115.1359,0.0,12.2163,-108.54,-0.0973334281498784,43.51,60.51,13.3
165,002462.SZ,20210716,2336.2723,0.0,12.1611,11.600000000000025,0.0049651746502323,43.51,60.51,13.24
166,002462.SZ,20210714,1100.4052,0.0,12.1428,1.3599999999999994,0.0012359083726612,43.51,60.51,13.22
167,002462.SZ,20210712,1614.3553,0.0,12.1887,-14.97,-0.0092730516014659,43.51,60.51,13.27
168,002462.SZ,20210709,1116.8851,0.0,12.0417,27.80000000000001,0.0248906534790373,43.51,60.51,13.11
169,002462.SZ,20210708,2640.5118,0.0,11.9774,-309.40000000000003,-0.1171742538700262,43.51,60.51,13.04
170,002462.SZ,20210707,989.6377,0.0,12.152,-166.60000000000002,-0.1683444355444422,43.51,60.51,13.23
171,002462.SZ,20210706,1775.3029,0.0,12.1336,-443.09,-0.2495855777625328,43.51,60.51,13.21
172,002462.SZ,20210705,1537.7429,0.0,12.253,-309.76,-0.2014380947556317,43.51,60.51,13.34
173,002462.SZ,20210702,2075.2124,0.0,12.354,-149.62,-0.0720986439749492,43.51,60.51,13.45
174,002462.SZ,20210630,1708.1819,0.0,12.3357,-222.85,-0.1304603450018994,43.51,60.51,13.43
175,002462.SZ,20210628,1164.3356,0.0,12.3816,-60.25999999999999,-0.0517548376945616,43.51,60.51,13.48
176,002462.SZ,20210625,1149.5562,0.0,12.3816,-157.48,-0.1369919974334443,43.51,60.51,13.48
177,002462.SZ,20210624,965.3928,0.0,12.2897,-57.540000000000006,-0.0596026819342344,43.51,60.51,13.38
178,002462.SZ,20210623,1031.0509,0.0,12.354,-175.99,-0.1706899242316747,43.51,60.51,13.45
179,002462.SZ,20210622,1177.4353999999998,0.0,12.3632,-202.04,-0.1715932780685887,43.51,60.51,13.46
180,002462.SZ,20210621,1348.568,0.0,12.3908,-55.31999999999999,-0.041021290732095,43.51,60.51,13.49
181,002462.SZ,20210618,1332.0206,0.0,12.3357,-112.70000000000002,-0.0846083011028508,43.51,60.51,13.43
182,002462.SZ,20210616,1786.5358,0.0,12.6296,-137.26999999999998,-0.0768358518200418,43.51,60.51,13.4121
183,002462.SZ,20210611,1667.4423,0.0,13.0154,-33.73000000000003,-0.0202285860206377,43.51,60.51,13.8218
184,002462.SZ,20210610,1865.1417,0.0,13.0705,-303.82,-0.162893789785516,43.51,60.51,13.8803
185,002462.SZ,20210608,1998.1221,0.0,13.0521,-355.69,-0.1780121445030811,43.51,60.51,13.8608
186,002462.SZ,20210607,1804.822,0.0,13.1807,-272.82000000000005,-0.1511617212112884,43.51,60.51,13.9973
187,002462.SZ,20210604,1627.9184,0.0,13.1623,-51.96000000000001,-0.0319180617406867,43.51,60.51,13.9778
188,002462.SZ,20210603,1790.7898,0.0,13.1256,-140.64,-0.0785351803991735,43.51,60.51,13.9388
189,002462.SZ,20210602,2729.1381,0.0,13.1807,-388.71,-0.1424295824384995,43.51,60.51,13.9973
190,002462.SZ,20210601,2517.8716,0.0,13.4195,-157.34000000000003,-0.0624892865863374,43.51,60.51,14.2509
191,002462.SZ,20210531,5347.4786,0.0,13.4379,97.27000000000012,0.0181898811151857,43.51,60.51,14.2705
192,002462.SZ,20210527,2330.7989,0.0,13.1164,-236.73,-0.1015660338607504,43.51,60.51,13.9291
193,002462.SZ,20210525,1536.4561,0.0,13.0337,135.41,0.0881313823414805,43.51,60.51,13.8413
194,002462.SZ,20210524,1434.4143,0.0,12.9786,-144.20000000000002,-0.1005288360552457,43.51,60.51,13.7827
195,002462.SZ,20210521,1590.3475,0.0,13.0429,-21.560000000000024,-0.0135567855452975,43.51,60.51,13.851
196,002462.SZ,20210520,2185.8998,0.0,12.9603,-348.6,-0.1594766603665913,43.51,60.51,13.7632
197,002462.SZ,20210518,2330.0841,0.0,13.2083,142.84,0.0613025083515225,43.51,60.51,14.0266
198,002462.SZ,20210517,3081.4647,0.0,13.1807,84.63,0.0274642120677222,43.51,60.51,13.9973
199,002462.SZ,20210514,4716.9835,0.0,13.3368,289.75,0.0614269691636614,43.51,60.51,14.1632
200,002462.SZ,20210512,2608.4938,0.0,12.997,150.33,0.0576309592915267,43.51,60.51,13.8023
201,002462.SZ,20210511,2095.6819,0.0,12.9051,-13.449999999999973,-0.0064179587560497,43.51,60.51,13.7047
202,002462.SZ,20210510,2185.5886,0.0,12.7582,-143.57999999999998,-0.0656939736966051,43.51,60.51,13.5486
203,002462.SZ,20210430,2809.8155,0.0,12.9419,-98.5,-0.0350556824816433,43.51,60.51,13.7437
204,002462.SZ,20210429,3023.7024,0.0,12.7857,-255.95,-0.0846478806909039,4.82,-15.53,13.5779
205,002462.SZ,20210428,2049.0882,0.0,12.9419,-227.09,-0.110824902510297,4.82,-15.53,13.7437
206,002462.SZ,20210426,2567.7609,0.0,12.85,-66.38,-0.0258513166081779,4.82,-15.53,13.6462
207,002462.SZ,20210423,1516.507,0.0,12.6296,-47.43000000000002,-0.0312758200258884,4.82,-15.53,13.4121
208,002462.SZ,20210422,1698.3901,0.0,12.8317,-128.11,-0.0754302559818265,4.82,-15.53,13.6267
209,002462.SZ,20210421,1573.5225,0.0,12.749,47.56999999999999,0.0302315346618812,4.82,-15.53,13.5389
210,002462.SZ,20210420,2030.7527,0.0,12.8133,196.98000000000008,0.0969985168553512,4.82,-15.53,13.6072
211,002462.SZ,20210419,1715.7212,0.0,12.7582,31.76000000000002,0.0185111660332692,4.82,-15.53,13.5486
212,002462.SZ,20210416,2080.2912,0.0,12.6847,-424.04,-0.2038368474567406,4.82,-15.53,13.4706
213,002462.SZ,20210415,3040.4367,0.0,12.7031,-197.22,-0.0648656819594369,4.82,-15.53,13.4901
214,002462.SZ,20210414,945.6517,0.0,12.354,124.34,0.131486042905649,4.82,-15.53,13.1195
215,002462.SZ,20210413,1386.3223,0.0,12.2714,52.650000000000006,0.0379781815527312,4.82,-15.53,13.0317
216,002462.SZ,20210412,1556.6868,0.0,12.4,-70.0,-0.0449672984957539,4.82,-15.53,13.1682
217,002462.SZ,20210408,1274.6123,0.0,12.5837,-37.68999999999997,-0.0295697758447803,4.82,-15.53,13.3633
218,002462.SZ,20210407,1799.5194,0.0,12.6388,74.18999999999994,0.0412276744557463,4.82,-15.53,13.4218
219,002462.SZ,20210401,2292.9499,0.0,12.602,-380.65,-0.1660088604639813,4.82,-15.53,13.3828
220,002462.SZ,20210331,4571.9189,0.0,12.6847,-722.48,-0.1580255502782431,4.82,-15.53,13.4706
221,002462.SZ,20210330,1670.944,0.0,11.0644,25.95999999999998,0.0155361280808931,3.06,-17.14,13.9095
222,002462.SZ,20210329,1763.2495,0.0,11.0877,-16.80000000000001,-0.0095278631866902,3.06,-17.14,13.9388
223,002462.SZ,20210326,1736.4901000000002,0.0,11.0489,29.53,0.0170055677253789,3.06,-17.14,13.89
224,002462.SZ,20210325,1385.7381,0.0,10.8859,-270.36,-0.1951018017040882,3.06,-17.14,13.6852
225,002462.SZ,20210324,1299.5139,0.0,11.0023,-142.97,-0.1100180613689472,3.06,-17.14,13.8315
226,002462.SZ,20210323,1565.6851,0.0,11.0256,-146.63,-0.0936522931718517,3.06,-17.14,13.8608
227,002462.SZ,20210322,1317.8103,0.0,11.0334,-120.18,-0.0911967374970434,3.06,-17.14,13.8705
228,002462.SZ,20210319,1689.9608,0.0,10.9791,11.79000000000002,0.0069764931825637,3.06,-17.14,13.8023
229,002462.SZ,20210318,1798.2763,0.0,11.0256,104.0,0.0578331594538614,3.06,-17.14,13.8608
230,002462.SZ,20210317,1470.3957,0.0,10.9325,-42.33,-0.0287881690622463,3.06,-17.14,13.7437
231,002462.SZ,20210315,1890.7779,0.0,10.8394,-45.910000000000025,-0.0242810115349878,3.06,-17.14,13.6267
232,002462.SZ,20210312,980.7075,0.0,10.7385,-21.65000000000001,-0.0220758992869943,3.06,-17.14,13.4999
233,002462.SZ,20210311,1246.6015,0.0,10.7153,-62.28999999999999,-0.0499678525976424,3.06,-17.14,13.4706
234,002462.SZ,20210310,1527.8213,0.0,10.5833,64.00000000000003,0.0418897157671515,3.06,-17.14,13.3048
235,002462.SZ,20210309,2333.1492,0.0,10.723,-222.16,-0.0952189427062787,3.06,-17.14,13.4804
236,002462.SZ,20210305,1615.1833,0.0,10.9247,24.42000000000001,0.0151190270478898,3.06,-17.14,13.734
237,002462.SZ,20210304,2208.2965,0.0,10.8239,-347.89,-0.1575377219499283,3.06,-17.14,13.6072
238,002462.SZ,20210301,2485.8271,0.0,10.8472,110.31,0.044375572219001,3.06,-17.14,13.6364
239,002462.SZ,20210226,1255.1774,0.0,10.6377,51.0,0.0406317067212969,3.06,-17.14,13.3731
240,002462.SZ,20210225,1354.5119,0.0,10.5989,-109.65,-0.0809516697490808,3.06,-17.14,13.3243
241,002462.SZ,20210224,1474.8278,0.0,10.6144,52.18999999999997,0.035387182151028,3.06,-17.14,13.3438
242,002462.SZ,20210222,2649.6304,0.0,10.5678,-131.02999999999997,-0.0494521801984155,3.06,-17.14,13.2853
243,002462.SZ,20210218,1730.8008000000002,0.0,10.3661,45.78000000000003,0.0264501842153065,3.06,-17.14,13.0317
244,002462.SZ,20210209,1346.0065,0.0,10.2264,28.68,0.0213074751124901,3.06,-17.14,12.8561
245,002462.SZ,20210208,1830.3088,0.0,10.0247,-388.0700000000001,-0.2120243316319082,3.06,-17.14,12.6025
246,002462.SZ,20210205,1676.7687999999998,0.0,10.0712,-52.56000000000002,-0.0313460030983401,3.06,-17.14,12.661
247,002462.SZ,20210204,2104.6814,0.0,10.0635,-188.97,-0.0897855608929693,3.06,-17.14,12.6513
248,002462.SZ,20210202,1949.9549,0.0,10.498,173.78999999999996,0.0891251382275559,3.06,-17.14,13.1975
249,002462.SZ,20210201,1171.2709,0.0,10.4049,-45.29999999999998,-0.0386759373941587,3.06,-17.14,13.0804
250,002462.SZ,20210128,1475.4444,0.0,10.3816,-122.27,-0.0828699475222516,3.06,-17.14,13.0512
251,002462.SZ,20210127,1686.2628,0.0,10.5058,-277.46,-0.164541375164061,3.06,-17.14,13.2072
252,002462.SZ,20210126,1493.7609,0.0,10.4902,-135.58000000000004,-0.0907641912437258,3.06,-17.14,13.1877
253,002462.SZ,20210125,2682.7337,0.0,10.6066,-237.55,-0.0885477377050133,3.06,-17.14,13.334
254,002462.SZ,20210122,2104.4013,0.0,10.7928,-200.94000000000003,-0.0954855901296012,3.06,-17.14,13.5682
255,002462.SZ,20210121,3186.2615,0.0,10.754,-820.4000000000001,-0.2574804359278107,3.06,-17.14,13.5194
256,002462.SZ,20210120,2206.7314,0.0,10.8006,-367.06,-0.1663365101887796,3.06,-17.14,13.5779
257,002462.SZ,20210115,2588.1786,0.0,10.8782,-214.03,-0.0826952204921252,3.06,-17.14,13.6754
258,002462.SZ,20210114,3636.1009,0.0,10.8006,-119.36000000000004,-0.0328263717874275,3.06,-17.14,13.5779
259,002462.SZ,20210113,5501.7768,0.0,10.7928,-772.3499999999999,-0.1403819217093648,3.06,-17.14,13.5682
260,002462.SZ,20210111,10358.8734,0.0,11.0411,-1038.54,-0.1002560761095892,3.06,-17.14,13.8803
261,002462.SZ,20210108,15251.4961,0.0,11.4834,2127.87,0.1395187715387476,3.06,-17.14,14.4363
262,002462.SZ,20210107,3775.8621,0.0,10.4359,-716.7500000000001,-0.1898241993530431,3.06,-17.14,13.1195
263,002462.SZ,20210105,3670.4185,0.0,10.8239,-363.08,-0.0989205999261392,3.06,-17.14,13.6072
264,002462.SZ,20210104,2287.7793,0.0,10.9403,-375.44,-0.164106738792505,3.06,-17.14,13.7535
265,002462.SZ,20201231,1462.2089,0.0,10.948,-134.95999999999998,-0.0922987132686717,3.06,-17.14,13.7632
266,002462.SZ,20201230,2182.4153,0.0,10.8704,53.119999999999976,0.0243400053142955,3.06,-17.14,13.6657
267,002462.SZ,20201229,3664.5249,0.0,10.6842,-895.81,-0.2444546085633092,3.06,-17.14,13.4316
268,002462.SZ,20201228,1875.0505,0.0,10.948,19.80000000000001,0.01055971559166,3.06,-17.14,13.7632
269,002462.SZ,20201224,3164.5772,0.0,10.9403,-607.83,-0.19207305165442,3.06,-17.14,13.7535
270,002462.SZ,20201223,3329.692,0.0,11.2196,-416.08,-0.1249605068576913,3.06,-17.14,14.1046
271,002462.SZ,20201221,2373.9838,0.0,11.4058,-538.8900000000001,-0.2269981791788133,3.06,-17.14,14.3387
272,002462.SZ,20201218,2309.8314,0.0,11.4834,-339.18000000000006,-0.1468418863818372,3.06,-17.14,14.4363
273,002462.SZ,20201217,1923.5408,0.0,11.5144,-177.99,-0.0925324796853802,3.06,-17.14,14.4753
274,002462.SZ,20201216,1494.2075,0.0,11.5532,-231.64,-0.1550253227881669,3.06,-17.14,14.5241
275,002462.SZ,20201215,1604.869,0.0,11.561,53.94999999999999,0.03361645093774,3.06,-17.14,14.5338
276,002462.SZ,20201214,1543.9344999999998,0.0,11.4291,-35.03,-0.0226887863442393,3.06,-17.14,14.368
277,002462.SZ,20201211,3102.8373,0.0,11.3748,-398.05,-0.1282858111832032,3.06,-17.14,14.2997
278,002462.SZ,20201210,2258.299,0.0,11.5998,-290.31000000000006,-0.1285525078831457,3.06,-17.14,14.5826
279,002462.SZ,20201209,3813.7042,0.0,11.5843,-511.09,-0.1340140643314707,3.06,-17.14,14.5631
280,002462.SZ,20201208,2437.2328,0.0,11.8326,-78.69999999999999,-0.0322907192123788,3.06,-17.14,14.8752
281,002462.SZ,20201207,2030.5731,0.0,11.9257,-23.910000000000025,-0.0117750008605944,3.06,-17.14,14.9923
282,002462.SZ,20201204,2127.7431,0.0,11.9955,-267.68,-0.1258046612864118,3.06,-17.14,15.0801
283,002462.SZ,20201202,2928.8332,0.0,12.0653,-687.69,-0.2347999879269328,3.06,-17.14,15.1678
284,002462.SZ,20201201,2142.6405,0.0,12.1662,145.69000000000003,0.0679955410158633,3.06,-17.14,15.2947
285,002462.SZ,20201126,3348.7308,0.0,12.0731,-701.46,-0.2094704059221482,3.06,-17.14,15.1776
286,002462.SZ,20201125,4257.9888,0.0,12.174,-761.15,-0.1787581028865082,3.06,-17.14,15.3044
287,002462.SZ,20201124,4997.957,0.0,12.2205,-843.76,-0.1688209802525311,3.06,-17.14,15.3629
288,002462.SZ,20201123,5130.099700000001,0.0,12.4533,-285.55,-0.0556616862631344,3.06,-17.14,15.6556
289,002462.SZ,20201119,7803.9606,0.0,12.3214,647.73,0.0830001627635075,3.06,-17.14,15.4897
290,002462.SZ,20201118,4767.425,0.0,12.0731,-813.6999999999999,-0.1706791402067153,3.06,-17.14,15.1776
291,002462.SZ,20201116,4217.5229,0.0,11.9645,-191.32,-0.0453631206128127,3.06,-17.14,15.041
292,002462.SZ,20201113,2905.625,0.0,11.7472,-843.3900000000001,-0.2902611314261131,3.06,-17.14,14.7679
293,002462.SZ,20201112,2153.2599,0.0,11.9257,-119.48000000000002,-0.0554879603711563,3.06,-17.14,14.9923
294,002462.SZ,20201111,2757.583,0.0,12.0033,-167.85999999999996,-0.060872147819304,3.06,-17.14,15.0898
295,002462.SZ,20201110,3304.2824,0.0,11.8946,-14.32000000000005,-0.0043337700191727,3.06,-17.14,14.9533
296,002462.SZ,20201109,4388.6629,0.0,12.0498,206.16999999999985,0.0469778619816071,3.06,-17.14,15.1483
297,002462.SZ,20201106,2954.0519,0.0,11.9955,157.7,0.0533843024220393,3.06,-17.14,15.0801
298,002462.SZ,20201105,2395.5464,0.0,11.8326,-338.46,-0.1412871819139048,3.06,-17.14,14.8752
299,002462.SZ,20201104,1946.0328,0.0,11.7239,-159.94,-0.0821877205769604,3.06,-17.14,14.7387
300,002462.SZ,20201103,2059.514,0.0,11.755,-73.54000000000002,-0.0357074533118007,3.06,-17.14,14.7777
301,002462.SZ,20201102,3300.7103,0.0,11.5455,-514.28,-0.1558088875597473,3.06,-17.14,14.5143
302,002462.SZ,20201030,4296.5725,0.0,11.786,-401.1900000000001,-0.0933744281051931,3.06,-17.14,14.8167
303,002462.SZ,20201029,3978.5773,0.0,12.0653,225.01,0.0565553923006598,3.06,-17.14,15.1678
304,002462.SZ,20201028,4200.2768,0.0,11.9955,348.4700000000001,0.0829635799240659,3.06,-17.14,15.0801
305,002462.SZ,20201023,2847.9354,0.0,11.561,-81.08999999999999,-0.0284732582066292,-5.15,-35.81,14.5338
306,002462.SZ,20201020,1153.4615,0.0,11.5843,-50.46,-0.0437465836527703,-5.15,-35.81,14.5631
307,002462.SZ,20201019,3427.5837,0.0,11.5222,-55.6400000000001,-0.0162330098605615,-5.15,-35.81,14.485
308,002462.SZ,20201016,1220.946,0.0,11.5455,-22.52000000000001,-0.0184447141806435,-5.15,-35.81,14.5143
309,002462.SZ,20201015,1416.4613,0.0,11.4446,-189.83,-0.1340170748046558,-5.15,-35.81,14.3875
310,002462.SZ,20201014,1560.2085,0.0,11.5144,-273.78000000000003,-0.1754765468845991,-5.15,-35.81,14.4753
311,002462.SZ,20201013,1527.2798,0.0,11.5998,15.649999999999991,0.0102469763562642,-5.15,-35.81,14.5826
312,002462.SZ,20201009,1850.4037,0.0,11.3825,-168.12,-0.0908558494559862,-5.15,-35.81,14.3095
313,002462.SZ,20200929,1559.1617,0.0,11.2506,-174.07,-0.1116433273085145,-5.15,-35.81,14.1437
314,002462.SZ,20200928,2440.2538,0.0,11.2817,-403.71,-0.1654377097988742,-5.15,-35.81,14.1827
315,002462.SZ,20200925,3010.7682,0.0,11.6231,-228.41000000000005,-0.0758643591359839,-5.15,-35.81,14.6119
316,002462.SZ,20200924,2154.3837,0.0,11.5843,-168.42999999999998,-0.0781801310509358,-5.15,-35.81,14.5631
317,002462.SZ,20200923,1865.6613,0.0,11.6463,46.03999999999999,0.0246775767927436,-5.15,-35.81,14.6411
318,002462.SZ,20200922,2614.7638,0.0,11.4912,58.60000000000002,0.0224112021131698,-5.15,-35.81,14.446
319,002462.SZ,20200921,1493.5687,0.0,11.6619,-266.85,-0.178666036587403,-5.15,-35.81,14.6606
320,002462.SZ,20200918,2326.0291,0.0,11.6929,255.44,0.1098180585960854,-5.15,-35.81,14.7192
321,002462.SZ,20200916,1620.3454,0.0,11.5377,-163.94000000000003,-0.1011759591504379,-5.15,-35.81,14.5046
322,002462.SZ,20200914,1886.3505,0.0,11.6619,-149.77999999999997,-0.0794019987271718,-5.15,-35.81,14.6606
323,002462.SZ,20200911,2432.7462,0.0,11.6619,21.860000000000014,0.0089857297896508,-5.15,-35.81,14.6606
324,002462.SZ,20200910,3862.5179,0.0,11.4912,-419.44999999999993,-0.1085949659935556,-5.15,-35.81,14.446
325,002462.SZ,20200908,2487.937,0.0,11.9567,-308.03000000000003,-0.1238094051416897,-5.15,-35.81,15.0313
326,002462.SZ,20200904,3649.8372,0.0,12.0343,11.510000000000076,0.0031535653151872,-5.15,-35.81,15.1288
327,002462.SZ,20200903,3363.5422,0.0,12.1662,-185.74999999999997,-0.0552245189609929,-5.15,-35.81,15.2947
328,002462.SZ,20200902,3079.8473000000004,0.0,12.1895,-747.84,-0.2428172331790605,-5.15,-35.81,15.3239
329,002462.SZ,20200831,4549.2026,0.0,12.2438,-109.09999999999992,-0.0239822249288259,-5.15,-35.81,15.3922
330,002462.SZ,20200828,5881.4462,0.0,12.2981,-118.84000000000007,-0.0202059146609213,-5.15,-35.81,15.4605
331,002462.SZ,20200827,3356.5116000000003,0.0,12.1119,-139.3299999999999,-0.0415103585520156,-5.15,-35.81,15.2264
332,002462.SZ,20200826,4485.6811,0.0,12.0498,-627.9100000000001,-0.139980971897445,-5.15,-35.81,15.1483
333,002462.SZ,20200825,4222.2478,0.0,12.174,-940.6,-0.2227723346791725,-16.33,-48.37,15.3044
334,002462.SZ,20200820,2726.3665,0.0,12.3059,-248.8100000000001,-0.0912606577288857,-16.33,-48.37,15.4702
335,002462.SZ,20200819,4594.7002,0.0,12.3059,-351.66,-0.0765360055483054,-16.33,-48.37,15.4702
336,002462.SZ,20200818,3934.6884,0.0,12.4533,-34.350000000000065,-0.0087300432735664,-16.33,-48.37,15.6556
337,002462.SZ,20200812,9788.8801,0.0,12.2515,-1917.33,-0.1958681667783427,-16.33,-48.37,15.4019
338,002462.SZ,20200811,14876.992300000002,0.0,12.6395,-782.9699999999998,-0.0526295896516663,-16.33,-48.37,15.8897
339,002462.SZ,20200810,6691.157700000001,0.0,12.6317,-11.900000000000064,-0.0017784665275487,-16.33,-48.37,15.8799
340,002462.SZ,20200807,8404.7992,0.0,12.43,-1139.53,-0.1355808714621046,-16.33,-48.37,15.6263
341,002462.SZ,20200806,12091.4284,0.0,12.5697,-1759.1199999999994,-0.145484879189294,-16.33,-48.37,15.8019
342,002462.SZ,20200805,11786.2872,0.0,12.818,-92.61000000000011,-0.0078574362247001,-16.33,-48.37,16.114
343,002462.SZ,20200728,2946.0831,0.0,11.1886,148.38999999999993,0.0503685724275733,-16.33,-48.37,14.0656
344,002462.SZ,20200727,2583.5414,0.0,11.0722,82.85999999999996,0.0320722555481402,-16.33,-48.37,13.9193
345,002462.SZ,20200724,6342.3022,0.0,11.0179,-439.9599999999999,-0.0693691322371866,-16.33,-48.37,13.851
346,002462.SZ,20200722,3860.3588,0.0,11.2817,-307.72,-0.0797127976808787,-16.33,-48.37,14.1827
347,002462.SZ,20200721,3861.4949,0.0,11.3282,-276.5400000000001,-0.0716147521002811,-16.33,-48.37,14.2412
348,002462.SZ,20200715,7156.066099999999,0.0,11.4291,-529.21,-0.0739526427795294,-16.33,-48.37,14.368
349,002462.SZ,20200714,7915.7302,0.0,11.6308,-666.0399999999998,-0.0841413215422627,-16.33,-48.37,14.6216
350,002462.SZ,20200713,8565.6703,0.0,11.6929,863.79,0.1008432463248089,-16.33,-48.37,14.6996
351,002462.SZ,20200709,9703.8524,0.0,11.592,216.6400000000001,0.0223251540800435,-16.33,-48.37,14.5728
352,002462.SZ,20200706,8442.110499999999,0.0,11.1653,-329.4499999999997,-0.0390246017272576,-16.33,-48.37,14.0364
353,002462.SZ,20200703,4646.6744,0.0,10.8316,-12.200000000000074,-0.0026255336504748,-16.33,-48.37,13.6169
354,002462.SZ,20200702,4507.0304,0.0,10.6842,-412.62000000000006,-0.0915503032772976,-16.33,-48.37,13.4316
355,002462.SZ,20200630,3724.929,0.0,10.5678,12.439999999999998,0.0033396609707191,-16.33,-48.37,13.2853
356,002462.SZ,20200629,3102.5442,0.0,10.754,-231.27,-0.0745420484259337,-16.33,-48.37,13.1301
357,002462.SZ,20200624,2148.6574,0.0,10.8316,-121.80000000000008,-0.0566865615709605,-16.33,-48.37,13.2248
358,002462.SZ,20200623,2632.3307,0.0,10.8006,-312.9099999999999,-0.1188718423562814,-16.33,-48.37,13.1869
359,002462.SZ,20200622,3062.6753,0.0,10.8394,-602.3700000000001,-0.1966809867177236,-16.33,-48.37,13.2343
360,002462.SZ,20200617,4413.569799999999,0.0,10.9868,448.2699999999999,0.1015663103368162,-16.33,-48.37,13.4143
361,002462.SZ,20200616,3300.1046,0.0,10.8006,-153.72000000000003,-0.046580341726138,-16.33,-48.37,13.1869
362,002462.SZ,20200612,2858.9535,0.0,10.5833,-893.34,-0.3124709793286249,-16.33,-48.37,12.9217
363,002462.SZ,20200611,2022.278,0.0,10.6687,31.05000000000001,0.0153539721047254,-16.33,-48.37,13.0259
364,002462.SZ,20200609,2175.1465,0.0,10.7075,-234.86000000000007,-0.1079743364412466,-16.33,-48.37,13.0733
365,002462.SZ,20200608,1859.5062000000005,0.0,10.7075,95.92999999999996,0.0515889648552932,-16.33,-48.37,13.0733
366,002462.SZ,20200603,3343.1399,0.0,10.6842,-383.13,-0.1146018448106225,-16.33,-48.37,13.0448
367,002462.SZ,20200602,3010.3181,0.0,10.7773,-353.19000000000005,-0.11732647124568,-16.33,-48.37,13.1585
368,002462.SZ,20200529,1920.8382,0.0,10.5678,65.66000000000003,0.0341829936534998,-16.33,-48.37,12.9027
369,002462.SZ,20200528,1786.8579000000002,0.0,10.467,-206.69,-0.1156723206697074,-16.33,-48.37,12.7796
370,002462.SZ,20200527,1973.4733,0.0,10.4747,-332.0,-0.168231310755509,-16.33,-48.37,12.7891
371,002462.SZ,20200521,2883.5104,0.0,10.5601,-425.71,-0.1476360203174574,-16.33,-48.37,12.8933
372,002462.SZ,20200520,2263.5554,0.0,10.6377,-396.69,-0.1752508465222454,-16.33,-48.37,12.988
373,002462.SZ,20200519,2254.291,0.0,10.7618,146.64,0.065049277134141,-16.33,-48.37,13.1396
374,002462.SZ,20200515,2090.434,0.0,10.723,-461.39,-0.2207149328799665,-16.33,-48.37,13.0922
375,002462.SZ,20200514,3385.5115,0.0,10.7385,-245.34,-0.0724676315528687,-16.33,-48.37,13.1112
376,002462.SZ,20200513,2794.1634,0.0,10.8627,55.71000000000002,0.0199379893101455,-16.33,-48.37,13.2627
377,002462.SZ,20200512,2715.6083,0.0,10.8627,-349.7,-0.1287740945555366,-16.33,-48.37,13.2627
378,002462.SZ,20200511,2709.2722000000003,0.0,10.948,139.18,0.0513717300166443,-16.33,-48.37,13.3669
379,002462.SZ,20200508,3888.5031,0.0,10.9868,607.83,0.156314649717008,-16.33,-48.37,13.4143
380,002462.SZ,20200506,4523.781,0.0,10.8782,-273.15,-0.060380907033298,-16.33,-48.37,13.2817
381,002462.SZ,20200428,6538.894200000001,0.0,11.8093,-544.5300000000002,-0.0832755483335393,20.06,13.63,14.4185
382,002462.SZ,20200427,2197.1997,0.0,13.3997,-4.069999999999993,-0.0018523577988837,20.06,13.63,14.2574
383,002462.SZ,20200424,4818.6682,0.0,13.3196,-745.6899999999999,-0.1547502274591141,20.06,13.63,14.1722
384,002462.SZ,20200422,2558.7574,0.0,13.6312,16.050000000000026,0.0062725758995362,20.06,13.63,14.5037
385,002462.SZ,20200421,3388.4695,0.0,13.6668,-55.97000000000003,-0.0165177818481175,20.06,13.63,14.5416
386,002462.SZ,20200420,3194.8990000000003,0.0,13.6757,-148.99,-0.0466337120516172,20.06,13.63,14.5511
387,002462.SZ,20200417,3204.8112,0.0,13.6401,-147.78999999999996,-0.0461150410358026,20.06,13.63,14.5132
388,002462.SZ,20200416,4151.2338,0.0,13.7024,-651.56,-0.1569557465060146,20.06,13.63,14.5795
389,002462.SZ,20200415,6070.495199999999,0.0,13.8004,601.48,0.0990825262492588,20.06,13.63,14.6837
390,002462.SZ,20200414,3477.6153,0.0,13.6579,143.29999999999995,0.0412063979589691,20.06,13.63,14.5322
391,002462.SZ,20200409,3324.701,0.0,13.6045,407.7000000000001,0.1226275686144408,20.06,13.63,14.4753
392,002462.SZ,20200408,2771.0229,0.0,13.462,-223.55,-0.0806741799210681,20.06,13.63,14.3237
393,002462.SZ,20200403,2114.3834,0.0,13.2751,50.58000000000001,0.0239218677180307,20.06,13.63,14.1248
394,002462.SZ,20200401,2291.8767,0.0,13.186,-249.83000000000004,-0.1090067367062111,20.06,13.63,14.0301
395,002462.SZ,20200331,2878.8084,0.0,13.3285,-527.46,-0.183221641287416,20.06,13.63,14.1816
396,002462.SZ,20200330,2517.0545,0.0,13.4888,-249.34,-0.0990602309167322,20.06,13.63,14.3522
397,002462.SZ,20200327,2450.8782,0.0,13.5422,200.22,0.0816931661475466,20.06,13.63,14.409
398,002462.SZ,20200326,2131.895,0.0,13.4888,-115.63000000000004,-0.054238130864794,20.06,13.63,14.3522
399,002462.SZ,20200325,3492.5791,0.0,13.5867,36.54000000000002,0.010462182517212,20.06,13.63,14.4564
400,002462.SZ,20200324,2911.8643,0.0,13.4709,175.10999999999996,0.0601367309596123,20.06,13.63,14.3332
401,002462.SZ,20200323,2762.4537,0.0,13.1326,-408.01,-0.1476984030537778,20.06,13.63,13.9732
402,002462.SZ,20200320,4432.0844,0.0,13.5155,83.54000000000008,0.018848919032318,20.06,13.63,14.3806
403,002462.SZ,20200318,4111.1795,0.0,13.097,-169.66999999999996,-0.0412703945424907,20.06,13.63,13.9353
404,002462.SZ,20200317,4324.357,0.0,13.2751,-462.74,-0.1070078164221871,20.06,13.63,14.1248
405,002462.SZ,20200312,4167.617,0.0,13.8004,-387.30000000000007,-0.0929308043421456,20.06,13.63,14.6837
406,002462.SZ,20200311,5220.0287,0.0,14.0497,55.16,0.0105669917102179,20.06,13.63,14.949
407,002462.SZ,20200310,7014.5364,0.0,14.1743,224.73,0.0320377551964802,20.06,13.63,15.0816
408,002462.SZ,20200309,7542.107399999999,0.0,14.0408,-279.83,-0.0371023621328967,20.06,13.63,14.9395
409,002462.SZ,20200306,8376.769199999999,0.0,14.3791,-170.91000000000005,-0.0204028541218492,20.06,13.63,15.2995
410,002462.SZ,20200305,10671.67,0.0,14.3435,929.6,0.0871091403688457,20.06,13.63,15.2616
411,002462.SZ,20200304,3554.9453000000003,0.0,13.9606,-104.62,-0.0294294261011554,20.06,13.63,14.8543
412,002462.SZ,20200303,6066.8242,0.0,13.9339,596.21,0.0982738217468045,20.06,13.63,14.8258
413,002462.SZ,20200302,4995.8144,0.0,13.8271,-211.17000000000016,-0.0422693845471921,20.06,13.63,14.7122
414,002462.SZ,20200228,6684.3518,0.0,13.5689,-45.01999999999998,-0.0067351332405933,20.06,13.63,14.4374
415,002462.SZ,20200227,5516.424,0.0,14.0497,184.59,0.0334618948797264,20.06,13.63,14.949
416,002462.SZ,20200226,5401.4932,0.0,13.9517,-205.35,-0.0380172652998989,20.06,13.63,14.8448
417,002462.SZ,20200221,7625.2678,0.0,14.1476,-186.30999999999997,-0.0244332402332151,20.06,13.63,15.0532
418,002462.SZ,20200218,5154.1402,0.0,14.0942,579.77,0.1124862688058039,20.06,13.63,14.9964
419,002462.SZ,20200214,3283.0204,0.0,13.7826,-2.659999999999968,-0.0008102295069503,20.06,13.63,14.6648
420,002462.SZ,20200213,5710.742,0.0,13.7024,-325.51000000000005,-0.0569995983008863,20.06,13.63,14.5795
421,002462.SZ,20200211,7442.095200000001,0.0,13.8627,-1222.97,-0.1643314103264897,20.06,13.63,14.75
422,002462.SZ,20200210,7316.791499999999,0.0,14.2099,-176.68000000000012,-0.0241471962129849,20.06,13.63,15.1195
423,002462.SZ,20200207,11653.8975,0.0,14.4147,-988.28,-0.0848025306555167,20.06,13.63,15.3374
424,002462.SZ,20200206,13590.876500000002,0.0,14.3524,146.21999999999974,0.0107586880066197,20.06,13.63,15.2711
425,002462.SZ,20200205,9140.4219,0.0,14.0052,361.8200000000001,0.039584606045373,20.06,13.63,14.9016
426,002462.SZ,20200204,9158.7809,0.0,13.4888,-814.3299999999999,-0.0889124883421984,20.06,13.63,14.3522
427,002462.SZ,20200203,11875.2431,0.0,12.8922,-947.1600000000002,-0.079759209308313,20.06,13.63,13.7174
428,002462.SZ,20200123,7596.3005,0.0,14.3257,-1097.29,-0.1444505782782026,20.06,13.63,15.2427
429,002462.SZ,20200122,7906.210199999999,0.0,14.7619,22.16000000000008,0.0028028599593772,20.06,13.63,15.7069
430,002462.SZ,20200121,10748.7398,0.0,15.029,809.54,0.0753148755168489,20.06,13.63,15.9911
431,002462.SZ,20200117,4846.7351,0.0,14.5305,-475.5700000000001,-0.0981217232194101,20.06,13.63,15.4606
432,002462.SZ,20200116,4728.8267,0.0,14.664,-88.71999999999997,-0.0187615249254111,20.06,13.63,15.6027
433,002462.SZ,20200115,5991.2265,0.0,14.9133,-494.80999999999983,-0.0825890992437024,20.06,13.63,15.8679
434,002462.SZ,20200114,4034.4435,0.0,14.7708,-317.67,-0.0787394841444675,20.06,13.63,15.7163
435,002462.SZ,20200113,4164.8847000000005,0.0,14.8332,-134.94,-0.0323994563402919,20.06,13.63,15.7826
436,002462.SZ,20200110,4786.1455000000005,0.0,14.8243,205.65,0.0429677702025565,20.06,13.63,15.7732
437,002462.SZ,20200108,6476.973,0.0,14.3435,-1093.43,-0.1688180574475144,20.06,13.63,15.2616
438,002462.SZ,20200106,6242.7649,0.0,14.6106,-314.98999999999995,-0.0504568096101136,20.06,13.63,15.5458
439,002462.SZ,20200103,4621.1339,0.0,14.4503,125.57999999999998,0.0271751485063005,20.06,13.63,15.3753
440,002462.SZ,20191230,3808.5529,0.0,14.023,-527.57,-0.1385224293458022,20.06,13.63,14.9206
441,002462.SZ,20191227,5165.893099999999,0.0,13.9695,-1535.0600000000002,-0.2971528775924535,20.06,13.63,14.8637
442,002462.SZ,20191224,3044.482,0.0,14.1832,-367.13,-0.1205886584318777,20.06,13.63,15.0911
443,002462.SZ,20191220,3923.3969,0.0,14.2634,235.1,0.0599225635316172,20.06,13.63,15.1763
444,002462.SZ,20191219,4313.3752,0.0,14.3257,-115.33000000000004,-0.0267377621126026,20.06,13.63,15.2427
445,002462.SZ,20191218,3878.2563,0.0,14.2455,-367.4500000000001,-0.0947461878679859,20.06,13.63,15.1574
446,002462.SZ,20191216,5927.7324,0.0,14.0853,712.59,0.1202129164940036,20.06,13.63,14.9869
447,002462.SZ,20191213,4315.9938,0.0,13.7826,-1352.7700000000002,-0.3134318682292825,20.06,13.63,14.6648
448,002462.SZ,20191212,4335.0631,0.0,13.6401,-545.5900000000001,-0.1258551461453929,20.06,13.63,14.5132
449,002462.SZ,20191210,2788.7746,0.0,13.9339,-105.52000000000004,-0.0378374071536652,20.06,13.63,14.8258
450,002462.SZ,20191209,3234.0539,0.0,14.0141,96.6,0.0298696320429291,20.06,13.63,14.9111
451,002462.SZ,20191206,2049.8405,0.0,13.9428,-171.97000000000003,-0.0838943322663397,20.06,13.63,14.8353
452,002462.SZ,20191205,3245.8803,0.0,13.9517,-295.4200000000001,-0.0910138306702191,20.06,13.63,14.8448
453,002462.SZ,20191203,4685.5861,0.0,13.8805,-144.95000000000002,-0.0309352975073918,20.06,13.63,14.769
454,002462.SZ,20191129,2787.1238000000003,0.0,14.2901,11.14,0.0039969519832595,20.06,13.63,15.2048
455,002462.SZ,20191127,1708.1747,0.0,14.0052,-61.620000000000005,-0.0360735936435541,20.06,13.63,14.9016
456,002462.SZ,20191126,2436.9461,0.0,13.9962,-20.16,-0.0082726491160391,20.06,13.63,14.8921
457,002462.SZ,20191125,4575.568,0.0,13.9873,-90.82,-0.0198489018194025,20.06,13.63,14.8827
458,002462.SZ,20191122,5514.1122000000005,0.0,14.2277,-721.86,-0.1309113731853334,20.06,13.63,15.1385
459,002462.SZ,20191120,3035.507,0.0,14.1298,-367.31000000000006,-0.1210044977659415,20.06,13.63,15.0342
460,002462.SZ,20191118,4037.2812,0.0,14.0497,-1060.69,-0.2627238350402741,20.06,13.63,14.949
461,002462.SZ,20191114,3877.1139,0.0,14.3524,-341.0899999999999,-0.0879752333301324,20.06,13.63,15.2711
462,002462.SZ,20191113,4009.2337,0.0,14.1832,-511.33,-0.1275380878894637,20.06,13.63,15.0911
463,002462.SZ,20191112,4051.708,0.0,14.4592,-493.12000000000006,-0.1217066975211441,20.06,13.63,15.3848
464,002462.SZ,20191111,6503.1931,0.0,14.3524,-880.6999999999999,-0.1354257802986044,20.06,13.63,15.2711
465,002462.SZ,20191107,6338.7575,0.0,15.1092,234.38,0.0369757006795101,20.06,13.63,16.0763
466,002462.SZ,20191106,5754.3767,0.0,14.7352,-1011.05,-0.175701045084518,20.06,13.63,15.6784
467,002462.SZ,20191105,7909.6999,0.0,14.9489,-1118.5300000000002,-0.1414124447376316,20.06,13.63,15.9058
468,002462.SZ,20191101,7119.4952,0.0,14.9044,-347.19000000000005,-0.0487660979109867,20.06,13.63,15.8584
469,002462.SZ,20191031,6565.554300000001,0.0,14.8065,46.11000000000004,0.0070230170817412,20.06,13.63,15.7542
470,002462.SZ,20191030,10760.428,0.0,14.7708,2302.48,0.2139766187739,20.06,13.63,15.7163
471,002462.SZ,20191029,5642.3853,0.0,14.3969,-565.79,-0.1002749670427505,20.06,13.63,15.3184
472,002462.SZ,20191028,9644.9003,0.0,14.7263,-112.46999999999996,-0.011661084770363,20.06,13.63,15.669
473,002462.SZ,20191025,3861.9598,0.0,14.3702,-129.33999999999995,-0.0334907680810142,20.06,13.63,15.29
474,002462.SZ,20191023,8116.7474,0.0,14.3079,22.049999999999955,0.0027166054225119,20.06,13.63,15.2237
475,002462.SZ,20191021,14003.6774,0.0,14.6462,-38.44999999999982,-0.0027457073525558,20.06,13.63,15.5837
476,002462.SZ,20191018,5034.7658,0.0,13.7291,-479.06,-0.0951504040168065,20.06,13.63,14.6079
477,002462.SZ,20191017,5453.6723,0.0,14.0319,-718.0899999999999,-0.1316709109933136,20.17,13.98,14.93
478,002462.SZ,20191016,3735.3099,0.0,14.2723,-448.81,-0.120153350596158,20.17,13.98,15.1858
479,002462.SZ,20191015,4841.2832,0.0,14.388,63.170000000000016,0.0130481935037388,20.17,13.98,15.309
480,002462.SZ,20191011,4039.4335,0.0,14.0052,120.70000000000005,0.0298804275401488,20.17,13.98,14.9016
481,002462.SZ,20191010,4202.4512,0.0,13.9784,-432.18000000000006,-0.1028399806284484,20.17,13.98,14.8732
482,002462.SZ,20191008,3430.3144,0.0,11.8139,-38.55,-0.0112380369566124,20.17,13.98,14.6364
483,002462.SZ,20190930,1758.9900000000002,0.0,11.6763,-230.27,-0.1309103519633425,20.17,13.98,14.4658
484,002462.SZ,20190927,2846.5922,0.0,11.7298,-389.06,-0.1366757064815957,20.17,13.98,14.5322
485,002462.SZ,20190926,4841.639499999999,0.0,11.661,-965.73,-0.1994634255607011,20.17,13.98,14.4469
486,002462.SZ,20190924,3909.7527,0.0,12.1962,86.72,0.0221804310027076,20.17,13.98,15.11
487,002462.SZ,20190923,4351.1900000000005,0.0,12.2192,-325.21000000000004,-0.074740473295811,20.17,13.98,15.1385
488,002462.SZ,20190920,4998.3079,0.0,12.2956,-43.87000000000012,-0.0087769703022897,20.17,13.98,15.2332
489,002462.SZ,20190919,3073.9672,0.0,12.3874,3.5600000000000023,0.0011581125524045,20.17,13.98,15.3469
490,002462.SZ,20190917,6968.515600000001,0.0,12.288,-1142.22,-0.1639115222759923,20.17,13.98,15.2237
491,002462.SZ,20190916,4885.8597,0.0,12.6703,-346.45000000000005,-0.0709087082463706,20.17,13.98,15.6974
492,002462.SZ,20190912,6161.6267,0.0,12.6856,-292.4599999999999,-0.0474647384918661,20.17,13.98,15.7163
493,002462.SZ,20190911,7186.123,0.0,12.8921,-71.30999999999995,-0.0099232924345992,20.17,13.98,15.9721
494,002462.SZ,20190910,6864.0336,0.0,12.8309,-272.0999999999999,-0.0396414143427269,20.17,13.98,15.8963
495,002462.SZ,20190909,8253.8371,0.0,12.9227,552.8,0.0669749103722921,20.17,13.98,16.01
496,002462.SZ,20190906,4878.9502,0.0,12.6397,179.9799999999999,0.0368890832294209,20.17,13.98,15.6595
497,002462.SZ,20190905,8612.4235,0.0,12.4715,575.62,0.066836007309673,20.17,13.98,15.4511
498,002462.SZ,20190904,6097.1381,0.0,12.4409,-500.42,-0.0820745720028877,20.17,13.98,15.4132
499,002462.SZ,20190903,5309.4677,0.0,12.6321,-519.6000000000001,-0.0978629175952987,20.17,13.98,15.65
500,002462.SZ,20190902,7085.7655,0.0,12.4868,-200.6600000000001,-0.0283187469300247,20.17,13.98,15.47
501,002462.SZ,20190830,8394.7243,0.0,12.3262,-611.7500000000001,-0.0728731496280348,20.17,13.98,15.2711
502,002462.SZ,20190829,7471.068499999999,0.0,12.6397,-219.5300000000001,-0.029384016489743,20.17,13.98,15.6595
503,002462.SZ,20190828,8777.7695,0.0,12.4715,-1261.2900000000002,-0.1436914013292329,20.17,13.98,15.4511
504,002462.SZ,20190823,7872.517299999999,0.0,12.2039,-169.58999999999992,-0.0215420295106877,20.17,13.98,15.1195
505,002462.SZ,20190822,10625.6159,0.0,12.0815,755.2800000000002,0.0710810561108274,27.73,12.48,14.9679
506,002462.SZ,20190821,4901.4049,0.0,11.7527,284.7700000000001,0.0580996685256507,27.73,12.48,14.5606
507,002462.SZ,20190819,3567.7632,0.0,11.6075,477.43,0.1338177376794513,27.73,12.48,14.3806
508,002462.SZ,20190816,2606.7529,0.0,11.2787,63.90999999999997,0.0245170917427578,27.73,12.48,13.9732
509,002462.SZ,20190815,2264.4333,0.0,11.2022,-118.62999999999997,-0.0523883834423385,27.73,12.48,13.8785
510,002462.SZ,20190814,1370.5309,0.0,10.9881,-107.84000000000002,-0.078684836657094,27.73,12.48,13.6132
511,002462.SZ,20190812,1375.4461,0.0,11.011,-48.43999999999998,-0.0352176650179167,27.73,12.48,13.6417
512,002462.SZ,20190806,4534.0746,0.0,10.9804,-761.81,-0.1680188499765751,27.73,12.48,13.6038
513,002462.SZ,20190805,2921.1659,0.0,11.1104,-680.97,-0.2331158254312088,27.73,12.48,13.7648
514,002462.SZ,20190802,2144.8886,0.0,11.4698,-160.65000000000003,-0.0748989947543196,27.73,12.48,14.2101
515,002462.SZ,20190801,1328.4454,0.0,11.5769,-52.12999999999998,-0.0392413568521521,27.73,12.48,14.3427
516,002462.SZ,20190731,2125.825,0.0,11.5998,132.67999999999998,0.0624134159679183,27.73,12.48,14.3711
517,002462.SZ,20190730,2589.7478,0.0,11.6304,44.64000000000004,0.0172371996995228,27.73,12.48,14.409
518,002462.SZ,20190726,2186.6553,0.0,11.5616,-116.94000000000004,-0.053478936529228,27.73,12.48,14.3237
519,002462.SZ,20190725,1950.3055,0.0,11.4851,317.93,0.1630154865481331,27.73,12.48,14.229
520,002462.SZ,20190724,2228.9585,0.0,11.401,31.689999999999987,0.014217402432571,27.73,12.48,14.1248
521,002462.SZ,20190723,1921.4922,0.0,11.3245,-199.73,-0.1039452567124654,27.73,12.48,14.0301
522,002462.SZ,20190722,2658.0128,0.0,11.2557,-298.92999999999995,-0.1124637172552366,27.73,12.48,13.9448
523,002462.SZ,20190719,2511.6294000000003,0.0,11.4775,-79.9,-0.0318120181265595,27.73,12.48,14.2195
524,002462.SZ,20190718,3906.196300000001,0.0,11.4163,-422.41,-0.1081384466008531,27.73,12.48,14.1438
525,002462.SZ,20190717,3167.6591,0.0,11.6533,-339.26,-0.1071011713350088,27.73,12.48,14.4374
526,002462.SZ,20190715,4096.4637,0.0,11.7069,-11.529999999999973,-0.0028146227684136,27.73,12.48,14.5037
527,002462.SZ,20190712,3172.8026,0.0,11.7833,-9.069999999999997,-0.0028586713840943,27.73,12.48,14.5985
528,002462.SZ,20190711,3457.4589,0.0,11.7604,-519.8700000000001,-0.1503618741498272,27.73,12.48,14.5701
529,002462.SZ,20190710,3169.2806,0.0,11.7833,-69.53000000000003,-0.0219387327206054,27.73,12.48,14.5985
530,002462.SZ,20190709,4319.067,0.0,11.9286,-119.41999999999996,-0.0276494900403258,27.73,12.48,14.7785
531,002462.SZ,20190708,9893.782,0.0,11.9668,-604.4000000000003,-0.0610888737997259,27.73,12.48,14.8258
532,002462.SZ,20190705,17372.7587,0.0,12.5556,1923.27,0.1107060791674957,27.73,12.48,15.5553
533,002462.SZ,20190704,10243.6297,0.0,12.1962,92.10999999999991,0.0089919298820417,27.73,12.48,15.11
534,002462.SZ,20190703,3547.0987,0.0,11.8063,22.639999999999983,0.0063826811472711,27.73,12.48,14.6269
535,002462.SZ,20190702,3632.6452,0.0,11.7757,-108.28999999999998,-0.0298102330500099,27.73,12.48,14.589
536,002462.SZ,20190627,2378.7965,0.0,11.6533,-17.579999999999984,-0.0073902916874141,27.73,12.48,14.4374
537,002462.SZ,20190624,2454.1476,0.0,11.6228,-69.94,-0.0284986933956213,27.73,12.48,14.3995
538,002462.SZ,20190621,3568.3343,0.0,11.6763,46.10000000000002,0.0129191931372573,27.73,12.48,14.4658
539,002462.SZ,20190620,3544.9385,0.0,11.5004,408.1,0.1151218843429864,27.73,12.48,14.248
540,002462.SZ,20190619,3436.8896,0.0,11.2175,-108.53999999999996,-0.0315808805729459,27.73,12.48,13.8974
541,002462.SZ,20190618,1983.64,0.0,11.0951,-109.55,-0.0552267548547115,27.73,12.48,13.7459
542,002462.SZ,20190617,3069.8061,0.0,11.2098,280.51,0.091377106847237,27.73,12.48,13.888
543,002462.SZ,20190614,2015.8121,0.0,11.2098,-215.40000000000003,-0.1068551974660733,27.73,12.48,13.888
544,002462.SZ,20190613,2182.1572,0.0,11.4316,73.97,0.0338976495368894,27.73,12.48,14.1627
545,002462.SZ,20190612,2774.4796,0.0,11.4239,-331.38000000000005,-0.1194386147225591,27.73,12.48,14.1532
546,002462.SZ,20190611,3735.2893,0.0,11.5539,-98.11999999999996,-0.0262683803366984,27.73,12.48,14.3143
547,002462.SZ,20190610,4049.9187,0.0,11.2787,-265.67,-0.0655988477003254,27.73,12.48,13.9732
548,002462.SZ,20190606,5780.1446000000005,0.0,10.9499,-542.44,-0.0938454031063513,27.73,12.48,13.5659
549,002462.SZ,20190605,3653.2814,0.0,11.5233,-155.90999999999997,-0.0426767015538414,27.73,12.48,14.2764
550,002462.SZ,20190604,2527.4294,0.0,11.5157,-294.56000000000006,-0.1165452930158999,27.73,12.48,14.2669
551,002462.SZ,20190603,2510.4752,0.0,11.6839,-350.45000000000005,-0.1395950854244647,27.73,12.48,14.4753
552,002462.SZ,20190531,2427.1177,0.0,11.8598,297.74,0.1226722544193056,27.73,12.48,14.6932
553,002462.SZ,20190530,2507.9183000000003,0.0,11.921,-374.97,-0.1495144399241394,27.73,12.48,14.769
554,002462.SZ,20190529,1914.4108,0.0,12.0051,195.11,0.1019164747712455,27.73,12.48,14.8732
555,002462.SZ,20190528,2911.4621,0.0,11.9745,320.29999999999995,0.1100134533779436,27.73,12.48,14.8353
556,002462.SZ,20190524,2783.019,0.0,11.6992,-349.3299999999999,-0.1255219601447205,27.73,12.48,14.4943
557,002462.SZ,20190522,2011.0148,0.0,12.1733,-57.93000000000001,-0.0288063518975593,27.73,12.48,15.0816
558,002462.SZ,20190521,2725.6568,0.0,12.1733,-156.57999999999998,-0.0574467042218961,27.73,12.48,15.0816
559,002462.SZ,20190517,4208.752399999999,0.0,12.181,-883.2299999999999,-0.2098555381875161,27.73,12.48,15.0911
560,002462.SZ,20190516,3216.4255000000003,0.0,12.6321,189.94000000000003,0.0590531321182474,27.73,12.48,15.5147
561,002462.SZ,20190514,2217.5972,0.0,12.3186,-88.43999999999997,-0.0398810027357538,27.73,12.48,15.1296
562,002462.SZ,20190510,5412.5517,0.0,12.6168,124.40999999999995,0.0229854617370213,27.73,12.48,15.4959
563,002462.SZ,20190509,3172.6831,0.0,12.2268,-135.55,-0.042724090533971,27.73,12.48,15.0169
564,002462.SZ,20190508,4047.5051,0.0,12.2804,-276.5400000000001,-0.0683235704879037,27.73,12.48,15.0827
565,002462.SZ,20190430,4097.9071,0.0,13.4426,123.93999999999994,0.0302447071091484,27.73,12.48,16.5102
566,002462.SZ,20190429,6486.8781,0.0,13.3509,-415.82,-0.0641017132725216,27.73,12.48,16.3975
567,002462.SZ,20190426,9194.0363,0.0,13.412,-1283.9299999999998,-0.1396481325617563,27.73,12.48,16.4726
568,002462.SZ,20190425,11166.5027,0.0,13.802,-430.4099999999999,-0.038544745079406,27.73,12.48,16.9516
569,002462.SZ,20190424,10279.515,0.0,13.8785,-1858.9000000000003,-0.1808353798793036,26.13,24.27,17.0455
570,002462.SZ,20190423,6666.683800000001,0.0,14.2226,-627.8499999999999,-0.094177257964447,26.13,24.27,17.4681
571,002462.SZ,20190418,7419.573299999999,0.0,14.5284,771.01,0.1039156793558465,26.13,24.27,17.8438
572,002462.SZ,20190417,6785.6678,0.0,14.3373,-505.62,-0.0745129315054297,26.13,24.27,17.609
573,002462.SZ,20190416,7895.7501,0.0,14.429,-60.79000000000008,-0.0076990785207348,26.13,24.27,17.7217
574,002462.SZ,20190415,9082.4622,0.0,14.2073,-1520.67,-0.1674292682440231,26.13,24.27,17.4493
575,002462.SZ,20190412,10486.7488,0.0,14.559,1853.6700000000003,0.176763078371821,26.13,24.27,17.8813
576,002462.SZ,20190411,12945.0329,0.0,14.2761,-2636.86,-0.203696662679011,26.13,24.27,17.5339
577,002462.SZ,20190410,17301.751,0.0,14.9414,1822.65,0.1053448289713567,26.13,24.27,18.3509
578,002462.SZ,20190409,8702.0308,0.0,14.6508,510.76999999999975,0.0586954943896543,26.13,24.27,17.994
579,002462.SZ,20190408,11309.0103,0.0,14.3755,-1933.18,-0.1709415721373956,26.13,24.27,17.6559
580,002462.SZ,20190404,11993.7413,0.0,14.4214,-1562.0299999999995,-0.1302370929077818,26.13,24.27,17.7123
581,002462.SZ,20190329,8502.093499999999,0.0,13.7791,29.24000000000018,0.003439152956857,26.13,24.27,16.9234
582,002462.SZ,20190327,6439.546,0.0,13.4809,-846.4699999999999,-0.1314487077194572,26.13,24.27,16.5571
583,002462.SZ,20190326,11579.8268,0.0,13.4732,-1945.73,-0.1680275563361621,26.13,24.27,16.5477
584,002462.SZ,20190325,12328.499,0.0,14.0544,-1389.8000000000002,-0.1127306738638661,26.13,24.27,17.2615
585,002462.SZ,20190322,17262.6979,0.0,14.3373,1370.3500000000004,0.0793821457073636,26.13,24.27,17.609
586,002462.SZ,20190320,9498.3593,0.0,13.6338,-737.5400000000003,-0.0776491998991868,26.13,24.27,16.745
587,002462.SZ,20190319,9038.8961,0.0,13.6797,-1021.4500000000002,-0.1130060561266989,26.13,24.27,16.8013
588,002462.SZ,20190318,9047.1145,0.0,13.7944,776.1599999999999,0.0857908894598382,26.13,24.27,16.9422
589,002462.SZ,20190315,9272.5777,0.0,13.435,-2458.17,-0.265101040889633,26.13,24.27,16.5008
590,002462.SZ,20190314,11141.6459,0.0,13.3815,-1079.1699999999998,-0.096859118453944,26.13,24.27,16.435
591,002462.SZ,20190313,11521.4139,0.0,13.7944,-22.590000000000373,-0.0019606968550969,26.13,24.27,16.9422
592,002462.SZ,20190312,15996.7233,0.0,14.2073,-222.7799999999994,-0.0139266020810649,26.13,24.27,17.4493
593,002462.SZ,20190311,14240.9878,0.0,13.9014,1899.97,0.1334156047798875,26.13,24.27,17.0737
594,002462.SZ,20190308,14568.5185,0.0,13.4426,-216.45000000000005,-0.0148573789435075,26.13,24.27,16.5102
595,002462.SZ,20190307,17106.8471,0.01,13.7485,-477.9200000000001,-0.0279373514713883,26.13,24.27,16.8858
596,002462.SZ,20190306,23204.7808,0.02,13.9932,4011.47,0.1728725659843337,26.13,24.27,17.1864
597,002462.SZ,20190305,9840.4443,0.04,12.8615,-307.7000000000003,-0.0312689133355493,26.13,24.27,15.7964
598,002462.SZ,20190304,15140.2947,0.04,12.5786,-683.6699999999996,-0.0451556600149929,26.13,24.27,15.4489
599,002462.SZ,20190301,7432.3677,0.04,12.4333,-8.479999999999961,-0.0011409553916445,26.13,24.27,15.2705
600,002462.SZ,20190228,11731.7224,0.04,12.4945,-1288.4699999999998,-0.1098278629572755,28.78,29.86,15.3456
601,002462.SZ,20190227,11164.6371,0.06,15.6127,1065.7000000000005,0.0954531697228206,28.78,29.86,15.4302
602,002462.SZ,20190226,17550.4149,0.07,15.4891,-176.5899999999997,-0.0100618703891723,28.78,29.86,15.3081
603,002462.SZ,20190225,15122.0122,0.07,15.3086,-905.03,-0.0598485167205459,28.78,29.86,15.1296
604,002462.SZ,20190222,6162.0399,0.07,14.7099,375.37,0.0609165156493063,28.78,29.86,14.538
605,002462.SZ,20190221,6221.6931,0.07,14.4914,-419.99000000000007,-0.0675041332398732,28.78,29.86,14.322
606,002462.SZ,20190220,5134.2525000000005,0.08,14.6909,-145.14,-0.0282689641773559,28.78,29.86,14.5192
607,002462.SZ,20190219,5098.0522,0.09,14.8525,407.9200000000001,0.08001487313135,28.78,29.86,14.6788
608,002462.SZ,20190218,6447.8046,0.11,14.9855,1289.9999999999998,0.2000680975971262,28.78,29.86,14.8103
609,002462.SZ,20190215,3521.8505,0.12,14.3298,82.93,0.023547280044965,28.78,29.86,14.1623
610,002462.SZ,20190214,5140.1556,0.12,14.3963,-782.11,-0.1521568724495421,28.78,29.86,14.2281
611,002462.SZ,20190213,5723.8847000000005,0.12,14.3298,-27.259999999999906,-0.004762499845603,28.78,29.86,14.1623
612,002462.SZ,20190212,7805.9019,0.13,14.2158,-258.3599999999999,-0.0330980331689794,28.78,29.86,14.0496
613,002462.SZ,20190211,3915.8288,0.13,13.6836,60.110000000000014,0.0153505178775946,28.78,29.86,13.5237
614,002462.SZ,20190201,2585.7367,0.13,13.3321,-91.45999999999997,-0.0353709641047365,28.78,29.86,13.1762
615,002462.SZ,20190131,3061.8917,0.13,12.952,-242.64,-0.0792451281016895,28.78,29.86,12.8006
616,002462.SZ,20190130,1777.1676,0.15,13.1705,-346.17999999999995,-0.1947931078644467,28.78,29.86,13.0166
617,002462.SZ,20190129,2983.2525,0.16,13.2275,102.12,0.0342310950883306,28.78,29.86,13.0729
618,002462.SZ,20190128,2598.5143,0.18,13.4936,-218.73,-0.0841750226273528,28.78,29.86,13.3359
619,002462.SZ,20190125,3153.7874,0.19,13.7027,-568.94,-0.1803989704569179,28.78,29.86,13.5425
620,002462.SZ,20190124,2379.3975,0.21,13.6646,-240.06999999999996,-0.1008952896689182,28.78,29.86,13.5049
621,002462.SZ,20190123,1857.4863,0.22,13.6646,-78.51999999999998,-0.0422721825727597,28.78,29.86,13.5049
622,002462.SZ,20190122,3112.4907,0.26,13.7787,-75.06,-0.0241157347072555,28.78,29.86,13.6176
623,002462.SZ,20190121,4055.7489,0.31,13.7787,397.8399999999999,0.0980928577703614,28.78,29.86,13.6176
624,002462.SZ,20190118,3110.6063,0.36,13.6361,11.259999999999993,0.0036198730774768,28.78,29.86,13.4767
625,002462.SZ,20190117,2339.0281,0.38,13.4271,135.11,0.0577633077601761,28.78,29.86,13.2701
626,002462.SZ,20190116,3134.4755,0.44,13.6836,83.85999999999991,0.0267540773568017,28.78,29.86,13.5237
627,002462.SZ,20190115,3093.0635,0.46,13.5981,471.2300000000001,0.1523505741152744,28.78,29.86,13.4392
628,002462.SZ,20190114,3251.0655,0.5,13.4651,498.25,0.1532574474429998,28.78,29.86,13.3077
629,002462.SZ,20190111,4481.1388,0.57,13.4746,-412.13,-0.0919699251449207,28.78,29.86,13.3171
630,002462.SZ,20190110,3145.3342,0.6,13.5031,-58.88999999999999,-0.0187229706782827,28.78,29.86,13.3453
631,002462.SZ,20190109,3419.4329,0.63,13.4936,54.80000000000007,0.0160260492317308,28.78,29.86,13.3359
632,002462.SZ,20190108,2427.0008000000003,0.65,13.4936,-169.99,-0.0700411800441104,28.78,29.86,13.3359
633,002462.SZ,20190107,3831.1048,0.67,13.6741,-365.48,-0.095398068985218,28.78,29.86,13.5143
634,002462.SZ,20190104,4380.7227,0.69,13.4366,-447.00000000000006,-0.1020379582574354,28.78,29.86,13.2795
635,002462.SZ,20190103,2448.1238000000003,0.7,13.2655,-104.78000000000004,-0.0428001230983498,28.78,29.86,13.1105
636,002462.SZ,20190102,4057.4927,0.74,13.2845,89.33000000000003,0.0220160593264899,28.78,29.86,13.1293
637,002462.SZ,20181228,3550.4109,0.8,13.7312,-342.77,-0.0965437549777689,28.78,29.86,13.5707
638,002462.SZ,20181227,2862.352,0.74,13.3701,-179.26000000000005,-0.062626818783993,28.78,29.86,13.2138
639,002462.SZ,20181224,2194.7296,0.76,14.0733,1.6400000000000006,0.0007472446719632,28.78,29.86,13.9087
640,002462.SZ,20181221,2307.4777,0.76,14.1018,-71.84000000000002,-0.0311335619841526,28.78,29.86,13.9369
641,002462.SZ,20181220,4365.1636,0.76,14.2633,125.34999999999997,0.0287159913090084,28.78,29.86,14.0966
642,002462.SZ,20181219,4771.8507,0.79,14.5104,60.96999999999997,0.0127770133294404,28.78,29.86,14.3408
643,002462.SZ,20181218,7797.8611,0.82,14.2728,104.78999999999996,0.0134383004077874,28.78,29.86,14.106
644,002462.SZ,20181217,8436.0917,0.76,14.2538,-307.8199999999999,-0.0364884606458225,28.78,29.86,14.0872
645,002462.SZ,20181214,4081.1968,0.78,13.8737,-1105.84,-0.2709597341642529,28.78,29.86,13.7115
646,002462.SZ,20181213,4797.965,0.8,14.2158,-913.15,-0.1903202711983101,28.78,29.86,14.0496
647,002462.SZ,20181212,2321.891,0.77,14.2823,-58.14999999999998,-0.025044241956233,28.78,29.86,14.1154
648,002462.SZ,20181211,4525.2766,0.78,14.1873,-268.5899999999999,-0.0593532779852617,28.78,29.86,14.0214
649,002462.SZ,20181210,6715.9409,0.77,14.2633,-464.9200000000001,-0.0692263387844881,28.78,29.86,14.0966
650,002462.SZ,20181207,7521.993399999999,0.78,15.0615,-502.6199999999999,-0.0668200533119319,28.78,29.86,14.8855
651,002462.SZ,20181206,4359.378,0.87,15.5556,-170.67999999999995,-0.0391523744901222,28.78,29.86,15.3738
652,002462.SZ,20181205,4052.7686,0.88,16.1353,77.71999999999997,0.0191770139553489,28.78,29.86,15.9467
653,002462.SZ,20181204,5993.7887,0.87,16.0688,-33.31999999999991,-0.0055590881940833,28.78,29.86,15.881
654,002462.SZ,20181203,8030.3842,0.89,15.8312,-810.52,-0.1009316590356909,28.78,29.86,15.6462
655,002462.SZ,20181130,3718.5284,0.77,15.109,-138.26999999999992,-0.0371840645347766,28.78,29.86,14.9324
656,002462.SZ,20181129,3142.3836,0.76,15.2421,48.38,0.015395956114333,28.78,29.86,15.0639
657,002462.SZ,20181128,4178.1831,0.78,15.6697,482.18,0.115404229173202,28.78,29.86,15.4865
658,002462.SZ,20181127,4126.3644,0.77,15.4796,-454.9699999999998,-0.1102592878127777,28.78,29.86,15.2987
659,002462.SZ,20181126,4675.589,0.67,15.0615,-184.38,-0.0394346038541882,28.78,29.86,14.8855
660,002462.SZ,20181123,3807.4662,0.55,15.0805,-304.11,-0.0798720156727852,28.78,29.86,14.9042
661,002462.SZ,20181122,3241.3689,0.59,15.9643,-43.69999999999999,-0.0134819581936508,28.78,29.86,15.7776
662,002462.SZ,20181121,3044.0648,0.59,15.6887,-138.86,-0.0456166373330817,28.78,29.86,15.5053
663,002462.SZ,20181120,3307.1124000000004,0.54,15.4226,-222.19000000000003,-0.0671854999545827,28.78,29.86,15.2423
664,002462.SZ,20181119,3368.5881,0.54,15.9072,-267.16,-0.0793091918836856,28.78,29.86,15.7213
665,002462.SZ,20181116,4125.1227,0.54,15.9833,-426.76,-0.1034538924139153,28.78,29.86,15.7964
666,002462.SZ,20181115,4035.8505,0.53,16.0973,612.38,0.151735055597327,28.78,29.86,15.9091
667,002462.SZ,20181114,4185.8379,0.53,15.7837,235.0,0.056141686709846,28.78,29.86,15.5992
668,002462.SZ,20181113,8637.275599999999,0.56,15.9643,1020.38,0.1181367884104566,28.78,29.86,15.7776
669,002462.SZ,20181112,5012.4576,0.57,15.4986,-181.54000000000008,-0.0362177627198283,28.78,29.86,15.3175
670,002462.SZ,20181109,2086.4474,0.5,14.8049,124.42999999999998,0.0596372570906891,28.78,29.86,14.6319
671,002462.SZ,20181108,2502.9969,0.5,14.9475,-13.610000000000024,-0.0054374817643601,28.78,29.86,14.7728
672,002462.SZ,20181107,3449.5057,0.5,14.919,-220.83,-0.0640178678353829,28.78,29.86,14.7446
673,002462.SZ,20181106,4540.1972000000005,0.47,14.862,-1207.81,-0.2660258898005575,28.78,29.86,14.6882
674,002462.SZ,20181105,5329.0546,0.45,15.052,-220.52,-0.0413806981823755,28.78,29.86,14.8761
675,002462.SZ,20181102,7692.378200000001,0.43,15.0235,866.0199999999998,0.1125815680773469,28.78,29.86,14.8479
676,002462.SZ,20181101,5452.7146,0.43,14.4629,370.77000000000015,0.0679973237550339,28.78,29.86,14.2938
677,002462.SZ,20181031,5082.3324,0.43,14.3678,581.22,0.1143608788752187,28.78,29.86,14.1999
678,002462.SZ,20181030,4358.8458,0.38,13.9687,344.89,0.0791241571335237,28.78,29.86,13.8054
679,002462.SZ,20181029,2344.5868,0.35,13.8262,1.1499999999999773,0.0004904915441816,28.78,29.86,13.6646
680,002462.SZ,20181026,3272.021,0.34,13.8642,-549.8,-0.1680307064043904,28.78,29.86,13.7021
681,002462.SZ,20181025,3484.5045,0.32,14.0162,-234.69,-0.0673524743618497,28.78,29.86,13.8524
682,002462.SZ,20181024,3315.5726000000004,0.3,14.2063,40.18000000000001,0.0121185704092258,28.78,29.86,14.0402
683,002462.SZ,20181023,5336.4419,0.28,14.2918,55.67999999999995,0.0104339185253754,28.78,29.86,14.1248
684,002462.SZ,20181022,5742.0318,0.25,14.6434,310.1400000000001,0.0540122400576047,28.78,29.86,14.4722
685,002462.SZ,20181019,4099.3596,0.19,13.8357,-141.89,-0.034612723411725,28.78,29.86,13.674
686,002462.SZ,20181018,3494.2097000000003,0.17,13.5411,-18.82999999999993,-0.0053889152674494,30.36,29.82,13.3828
687,002462.SZ,20181016,3256.8507,0.17,13.4841,-200.00999999999996,-0.0614120874500019,30.36,29.82,13.3265
688,002462.SZ,20181015,2834.7366,0.17,13.7312,57.329999999999984,0.0202241012445389,30.36,29.82,13.5707
689,002462.SZ,20181012,6388.8112,0.11,13.9307,-106.88000000000004,-0.0167292469059032,30.36,29.82,13.7679
690,002462.SZ,20181011,5512.4645,0.1,14.3488,-739.61,-0.1341704785581839,30.36,29.82,14.1811
691,002462.SZ,20181010,2397.2316,0.11,15.9167,-193.97,-0.0809141678259205,30.36,29.82,15.7307
692,002462.SZ,20181009,2042.5855,0.11,16.0783,-3.030000000000001,-0.0014834140357894,30.36,29.82,15.8903
693,002462.SZ,20181008,2390.5263,0.13,15.7552,-301.62,-0.12617305235253,30.36,29.82,15.571
694,002462.SZ,20180928,2539.3266,0.14,16.2683,36.60000000000002,0.0144132700378123,30.36,29.82,16.0782
695,002462.SZ,20180927,2841.9133,0.14,16.0688,-74.65000000000003,-0.0262675149167991,30.36,29.82,15.881
696,002462.SZ,20180926,3119.1446,0.17,16.3824,230.21,0.0738054914158195,30.36,29.82,16.1909
697,002462.SZ,20180921,4374.7647,0.19,16.2018,616.6800000000001,0.1409630099648559,30.36,29.82,16.0124
698,002462.SZ,20180920,3453.7916,0.19,15.9452,-124.10000000000002,-0.0359315252257837,30.36,29.82,15.7589
699,002462.SZ,20180919,5318.6409,0.2,16.0878,610.2800000000002,0.1147435992529595,30.36,29.82,15.8997
700,002462.SZ,20180918,2773.9077,0.2,16.0498,152.2,0.0548684442528495,30.36,29.82,15.8622
701,002462.SZ,20180917,2410.4141,0.24,15.9167,-242.29,-0.1005179981315243,30.36,29.82,15.7307
702,002462.SZ,20180914,2322.4549,0.28,15.9167,-168.17,-0.0724104480995519,30.36,29.82,15.7307
703,002462.SZ,20180913,4222.3134,0.29,16.0973,-474.84,-0.1124596767260336,30.36,29.82,15.9091
704,002462.SZ,20180912,4965.5467,0.33,16.2113,-787.8000000000001,-0.1586532254343716,30.36,29.82,16.0218
705,002462.SZ,20180911,3509.7504,0.27,16.0023,117.25000000000004,0.0334069340087545,30.36,29.82,15.8152
706,002462.SZ,20180910,4044.6698,0.25,16.0593,-448.5700000000001,-0.110903985289479,30.36,29.82,15.8716
707,002462.SZ,20180907,5876.5443,0.25,16.3444,-82.89000000000016,-0.0141052284758578,30.36,29.82,16.1533
708,002462.SZ,20180906,6772.818499999999,0.2,16.1543,-177.22999999999996,-0.0261678354439883,30.36,29.82,15.9655
709,002462.SZ,20180905,4660.3186000000005,0.18,16.734,-142.12,-0.0304957691090046,30.36,29.82,16.5384
710,002462.SZ,20180904,7371.513800000001,0.21,17.2376,294.6200000000001,0.0399673673540433,30.36,29.82,17.0361
711,002462.SZ,20180903,4956.0022,0.19,17.0665,522.8199999999999,0.1054922856975325,30.36,29.82,16.8671
712,002462.SZ,20180831,5286.3752,0.18,17.1711,616.09,0.1165429952834221,30.36,29.82,16.9704
713,002462.SZ,20180830,4702.8213000000005,0.19,17.1616,200.46,0.0426254767537095,30.36,29.82,16.961
714,002462.SZ,20180829,3068.4335,0.18,17.5132,-121.59,-0.0396260828204359,30.36,29.82,17.3085
715,002462.SZ,20180828,2983.1369,0.17,17.7412,89.62,0.0300422015496506,30.36,29.82,17.5339
716,002462.SZ,20180827,4493.9824,0.17,17.6937,720.1800000000001,0.1602542991712651,30.36,29.82,17.4869
717,002462.SZ,20180824,2422.5732,0.16,17.3801,-14.140000000000017,-0.005836768936435,30.36,29.82,17.177
718,002462.SZ,20180823,2920.6636,0.15,17.2186,-157.03000000000003,-0.0537651785710617,30.36,29.82,17.0173
719,002462.SZ,20180822,2940.8451,0.12,17.1901,-104.89,-0.0356666184152303,30.36,29.82,16.9891
720,002462.SZ,20180821,3133.8934,0.14,17.6557,-536.9,-0.1713204412121995,30.36,29.82,17.4493
721,002462.SZ,20180820,3379.954,0.12,17.4276,-276.93999999999994,-0.0819360263482875,30.36,29.82,17.2239
722,002462.SZ,20180817,2151.1646,0.11,17.6272,-264.42,-0.1229194641823317,30.36,29.82,17.4212
723,002462.SZ,20180816,1996.9485,0.13,17.8933,93.38,0.0467613461238484,30.36,29.82,17.6841
724,002462.SZ,20180815,2767.473,0.15,18.0738,-228.91000000000005,-0.0827144474399569,30.36,29.82,17.8626
725,002462.SZ,20180814,1680.2383000000002,0.18,18.625,-18.789999999999992,-0.0111829375630825,30.36,29.82,18.4073
726,002462.SZ,20180813,2254.2408,0.2,18.8245,-13.810000000000002,-0.0061262310574806,30.36,29.82,18.6045
727,002462.SZ,20180810,2166.4997,0.19,18.701,-180.06,-0.0831110200476833,30.36,29.82,18.4824
728,002462.SZ,20180809,2912.1065,0.17,18.5584,114.61999999999998,0.0393598242371973,30.36,29.82,18.3415
729,002462.SZ,20180808,3859.0744,0.15,17.9503,-77.60999999999999,-0.0201110400981126,30.36,29.82,17.7405
730,002462.SZ,20180807,3706.626600000001,0.16,18.5394,43.29999999999998,0.0116817809487472,30.36,29.82,18.3227
731,002462.SZ,20180806,3969.9058,0.14,18.1973,-557.2500000000001,-0.140368569954481,30.36,29.82,17.9846
732,002462.SZ,20180803,3206.0746,0.15,18.9576,82.14000000000004,0.0256201150154148,30.36,29.82,18.736
733,002462.SZ,20180802,5400.188700000001,0.16,19.3186,-983.59,-0.1821399315175782,30.36,29.82,19.0928
734,002462.SZ,20180801,2644.9391,0.15,19.6512,-334.6,-0.1265057482797997,30.36,29.82,19.4215
735,002462.SZ,20180731,3627.2577,0.14,20.1169,-117.69,-0.0324459990807931,30.36,29.82,19.8817
736,002462.SZ,20180730,5529.7131,0.13,20.2119,626.5,0.1132970171635125,30.36,29.82,19.9756
737,002462.SZ,20180727,2475.317,0.15,20.7535,101.98,0.0411987636331023,30.36,29.82,20.5109
738,002462.SZ,20180726,3772.2029,0.13,20.8296,47.47999999999996,0.0125868096861915,30.36,29.82,20.5861
739,002462.SZ,20180725,4834.0102,0.18,21.2667,173.16999999999996,0.0358232591234499,30.36,29.82,21.0181
740,002462.SZ,20180724,6476.648999999999,0.21,20.8581,31.53999999999984,0.0048698022696613,30.36,29.82,20.6142
741,002462.SZ,20180723,9035.5758,0.16,20.573,-1159.7900000000002,-0.1283581728128494,30.36,29.82,20.3325
742,002462.SZ,20180720,5482.1618,0.13,21.3617,-117.0000000000002,-0.0213419457995567,30.36,29.82,21.112
743,002462.SZ,20180719,7697.3892,0.13,21.1051,-1663.5699999999997,-0.2161213311131519,30.36,29.82,20.8584
744,002462.SZ,20180718,5752.037200000001,0.16,20.9911,-890.0799999999998,-0.1547416974285214,30.36,29.82,20.7457
745,002462.SZ,20180717,5473.6699,0.13,21.3332,-203.94,-0.0372583666399027,30.36,29.82,21.0838
746,002462.SZ,20180716,8662.401399999999,0.11,21.4567,-651.4100000000003,-0.0751997015515813,30.36,29.82,21.2059
747,002462.SZ,20180713,5970.1368,0.11,21.1051,-390.4,-0.0653921364079965,30.36,29.82,20.8584
748,002462.SZ,20180712,14776.5856,0.09,21.1906,-426.5400000000002,-0.0288659377441024,30.36,29.82,20.9429
749,002462.SZ,20180711,24003.2658,0.1,20.9246,657.6799999999996,0.0273996049320921,25.0,23.54,20.68
750,002462.SZ,20180710,16166.6915,0.09,20.5255,-1982.7899999999995,-0.1226466157283943,25.0,23.54,20.2855
751,002462.SZ,20180709,10224.1321,0.09,19.8603,369.9800000000001,0.0361869346347745,25.0,23.54,19.6281
752,002462.SZ,20180706,5157.9717,0.09,18.3399,2.590000000000145,0.0005021353645659,25.0,23.54,18.1255
753,002462.SZ,20180705,3429.3749000000003,0.07,18.2259,354.90000000000003,0.1034882479602915,25.0,23.54,18.0128
754,002462.SZ,20180704,3980.6701,0.08,18.4444,-612.03,-0.1537504954253807,25.0,23.54,18.2288
755,002462.SZ,20180703,4628.8385,0.08,19.0051,-377.65,-0.0815863418004322,25.0,23.54,18.7829
756,002462.SZ,20180629,3937.1922,0.09,18.4349,445.51,0.1131542422541627,25.0,23.54,18.2194
757,002462.SZ,20180628,2540.3863,0.09,18.2259,-39.80000000000001,-0.0156669086114973,25.0,23.54,17.8669
758,002462.SZ,20180627,3426.6204,0.08,18.4064,-117.12999999999998,-0.0341823681432585,25.0,23.54,18.0439
759,002462.SZ,20180626,3473.6888,0.08,18.758,-293.57000000000005,-0.0845124640986838,25.0,23.54,18.3886
760,002462.SZ,20180625,2675.7992,0.08,18.9576,-262.55999999999995,-0.0981239548916824,25.0,23.54,18.5842
761,002462.SZ,20180622,3058.3588,0.08,18.8815,114.71000000000004,0.037507044627988,25.0,23.54,18.5097
762,002462.SZ,20180621,2834.3276,0.08,18.8815,-267.91,-0.0945233006939635,25.0,23.54,18.5097
763,002462.SZ,20180620,3281.6837,0.11,19.0526,-214.2700000000001,-0.0652927032547347,25.0,23.54,18.6774
764,002462.SZ,20180619,7890.1224,0.13,18.8625,-750.92,-0.0951721610807964,25.0,23.54,18.491
765,002462.SZ,20180615,4762.9637,0.11,19.8983,-617.5799999999998,-0.1296629659386234,25.0,23.54,19.5064
766,002462.SZ,20180614,4202.7544,0.11,19.6227,129.23999999999987,0.0307512616012013,25.0,23.54,19.2363
767,002462.SZ,20180613,4560.0218,0.11,19.8413,-61.52000000000007,-0.013491163572946,25.0,23.54,19.4505
768,002462.SZ,20180612,6616.8626,0.12,19.6417,-1623.6800000000003,-0.2453851769568254,25.0,23.54,19.2549
769,002462.SZ,20180611,4475.7359,0.1,19.6512,-407.62,-0.0910732914334824,25.0,23.54,19.2642
770,002462.SZ,20180608,4926.3691,0.09,19.6607,-74.11000000000007,-0.0150435337863742,25.0,23.54,19.2735
771,002462.SZ,20180607,5573.5856,0.1,20.2784,707.38,0.1269165041620604,25.0,23.54,19.879
772,002462.SZ,20180606,6283.9404,0.18,20.3544,617.46,0.0982600025932773,25.0,23.54,19.9536
773,002462.SZ,20180605,4871.5886,0.24,19.9173,464.24,0.0952954032284253,25.0,23.54,19.5251
774,002462.SZ,20180604,5782.2233,0.19,19.6512,212.73,0.036790346716634,25.0,23.54,19.2642
775,002462.SZ,20180601,11288.5121,0.22,19.1096,-1352.56,-0.1198173849678559,25.0,23.54,18.7332
776,002462.SZ,20180531,9131.3277,0.23,19.7558,-1701.5500000000002,-0.1863420146448144,25.0,23.54,19.3667
777,002462.SZ,20180530,11023.3339,0.2,19.6512,-2010.5,-0.18238583882504,25.0,23.54,19.2642
778,002462.SZ,20180529,9061.8396,0.16,20.8391,-2426.96,-0.2678219994094797,25.0,23.54,20.4286
779,002462.SZ,20180528,7288.041,0.18,21.3807,-1585.0799999999997,-0.2174905437551736,25.0,23.54,20.9596
780,002462.SZ,20180525,7750.1113,0.15,21.6183,-1307.82,-0.1687485442950993,25.0,23.54,21.1925
781,002462.SZ,20180524,4522.0752,0.14,22.1029,69.42000000000002,0.0153513590397612,25.0,23.54,21.6676
782,002462.SZ,20180523,7089.7076,0.15,22.0649,-83.99000000000001,-0.0118467509153692,25.0,23.54,21.6303
783,002462.SZ,20180521,7833.7406,0.17,22.2359,-96.69000000000004,-0.012342762536712,25.0,23.54,21.798
784,002462.SZ,20180518,6741.128299999999,0.17,21.9604,-1237.64,-0.1835953782395745,25.0,23.54,21.5279
785,002462.SZ,20180517,11581.4556,0.17,22.0649,-655.2300000000002,-0.0565757900069141,25.0,23.54,21.6303
786,002462.SZ,20180516,16533.1429,0.23,22.654,-1108.34,-0.0670374656956482,25.0,23.54,22.2079
787,002462.SZ,20180515,10004.3343,0.19,21.9223,-2697.25,-0.2696081437422578,25.0,23.54,21.4906
788,002462.SZ,20180514,7807.2571,0.13,22.0364,-2157.97,-0.276405653401628,25.0,23.54,21.6024
789,002462.SZ,20180511,10150.2207,0.08,21.9984,-1995.48,-0.1965947400532877,25.0,23.54,21.5651
790,002462.SZ,20180510,6349.1639000000005,0.1,22.6065,-1165.37,-0.1835470021493696,25.0,23.54,22.1613
791,002462.SZ,20180509,6348.1146,0.09,22.426,-443.18000000000006,-0.0698128543552128,25.0,23.54,21.9843
792,002462.SZ,20180508,9402.0317,0.1,22.7776,-1925.99,-0.2048482776334396,25.0,23.54,22.329
793,002462.SZ,20180507,10569.3223,0.09,23.0151,-1322.9,-0.1251641271266749,25.0,23.54,22.5619
794,002462.SZ,20180504,14218.1552,0.05,22.7966,-366.21,-0.0257565060198527,25.0,23.54,22.3476
795,002462.SZ,20180503,11056.5416,0.06,22.4165,-857.26,-0.0775341902571053,25.0,23.54,21.975
796,002462.SZ,20180502,15789.3386,0.03,21.7418,-3234.55,-0.2048565859497116,25.0,23.54,21.3136
797,002462.SZ,20180427,13618.247899999998,0.03,21.4472,-1631.9299999999998,-0.1198340647037274,29.78,18.17,21.0248
798,002462.SZ,20180426,6201.2431,0.04,21.0006,-36.559999999999945,-0.0058955921273268,29.02,17.76,20.587
799,002462.SZ,20180425,7604.6175,0.09,25.6029,402.5899999999999,0.0529402037643576,29.02,17.76,21.2391
800,002462.SZ,20180424,7908.2692,0.07,25.266,262.93000000000006,0.0332474772103104,29.02,17.76,20.9596
801,002462.SZ,20180423,6365.0747,0.04,24.48,-886.8800000000001,-0.1393353639667418,29.02,17.76,20.3075
802,002462.SZ,20180420,8220.9798,0.05,25.5243,853.1800000000002,0.1037808169775578,29.02,17.76,21.1739
803,002462.SZ,20180419,8198.6686,0.09,25.9959,560.6599999999999,0.0683842740027325,29.02,17.76,21.5651
804,002462.SZ,20180418,7489.2307,0.08,25.951,263.46000000000004,0.0351785130614283,29.02,17.76,21.5279
805,002462.SZ,20180417,9811.2156,0.07,25.558,-1750.71,-0.1784396624613977,29.02,17.76,21.2018
806,002462.SZ,20180416,24166.5472,0.09,25.9735,-5613.65,-0.232290113831404,29.02,17.76,21.5465
807,002462.SZ,20180413,18833.8726,0.05,28.298,-3604.58,-0.1913881481814844,29.02,17.76,23.4748
808,002462.SZ,20180412,9754.6637,0.1,28.8594,459.4,0.0470954216494413,29.02,17.76,23.9406
809,002462.SZ,20180411,10640.3272,0.09,29.4321,47.31000000000029,0.0044462918395968,29.02,17.76,24.4156
810,002462.SZ,20180410,11710.328,0.07,29.9824,688.3700000000001,0.0587831527861559,29.02,17.76,24.8721
811,002462.SZ,20180409,19768.1098,0.09,30.2743,473.2700000000007,0.0239410851511964,29.02,17.76,25.1143
812,002462.SZ,20180404,17951.3494,0.09,29.5332,2254.42,0.1255849880566638,29.02,17.76,24.4995
813,002462.SZ,20180403,3670.3765,0.15,27.5905,162.39,0.0442434175349586,29.02,17.76,22.8879
814,002462.SZ,20180329,1983.4956,0.12,27.029,21.069999999999997,0.0106226603174718,29.02,17.76,22.4221
815,002462.SZ,20180328,5138.623799999999,0.12,27.0515,-797.3599999999999,-0.1551699503668667,29.02,17.76,22.4408
816,002462.SZ,20180327,3739.8935,0.1,26.5574,308.0900000000002,0.0823793511767113,29.02,17.76,22.0309
817,002462.SZ,20180326,3175.4811,0.09,25.4682,-691.1,-0.2176363134392454,29.02,17.76,21.1273
818,002462.SZ,20180323,5807.2695,0.05,25.0639,-610.9999999999999,-0.1052129576559172,29.02,17.76,20.7919
819,002462.SZ,20180322,3212.656,0.05,27.175,-242.8100000000001,-0.0755792092275052,29.02,17.76,22.5432
820,002462.SZ,20180321,5881.7877,0.05,27.5119,-966.34,-0.1642935871350814,29.02,17.76,22.8227
821,002462.SZ,20180320,12490.726,0.05,28.2755,1751.69,0.1402392463016161,29.02,17.76,23.4561
822,002462.SZ,20180319,4106.5791,0.07,27.8937,438.4,0.1067555231068117,29.02,17.76,23.1394
823,002462.SZ,20180316,1352.6806,0.07,27.2761,-211.54,-0.1563857720736144,29.02,17.76,22.6271
824,002462.SZ,20180315,2449.1553,0.06,27.1975,-631.52,-0.2578521664183565,29.02,17.76,22.5619
825,002462.SZ,20180314,3421.5143,0.05,27.5231,-456.62,-0.133455528740593,29.02,17.76,22.832
826,002462.SZ,20180313,3807.0421,0.14,27.714,-896.7,-0.2355371904082699,29.02,17.76,22.9904
827,002462.SZ,20180312,3375.5598,0.14,28.7471,-355.05999999999995,-0.1051855161920105,29.02,17.76,23.8474
828,002462.SZ,20180309,2651.9535,0.13,28.5787,-347.97,-0.1312127079151274,29.02,17.76,23.7077
829,002462.SZ,20180308,4916.0292,0.13,28.5338,174.64000000000007,0.0355246059156849,29.02,17.76,23.6704
830,002462.SZ,20180307,2269.7224,0.14,27.6467,75.22000000000001,0.0331406166674832,29.02,17.76,22.9345
831,002462.SZ,20180306,3990.2369,0.14,27.8937,279.50000000000006,0.0700459664437467,29.02,17.76,23.1394
832,002462.SZ,20180305,1922.5419,0.14,26.8157,-122.35,-0.0636397053296991,29.02,17.76,22.2451
833,002462.SZ,20180302,2431.5475,0.12,26.9617,-230.76,-0.0949025260662191,29.02,17.76,22.3662
834,002462.SZ,20180301,2254.0387,0.11,27.2312,-22.950000000000088,-0.0101817240316238,29.02,17.76,22.5898
835,002462.SZ,20180228,3672.7173,0.08,27.0403,-223.41,-0.060829620619044,29.02,17.76,22.4315
836,002462.SZ,20180227,7754.9053,0.13,27.6579,-412.8300000000001,-0.0532346926273877,29.02,17.76,22.9438
837,002462.SZ,20180226,3435.5370000000003,0.09,26.1082,-679.4,-0.1977565661496295,29.02,17.76,21.6583
838,002462.SZ,20180223,1676.0127,0.08,25.7489,-160.05999999999997,-0.0955004696563456,29.02,17.76,21.3602
839,002462.SZ,20180222,2121.597,0.07,25.8724,256.88000000000005,0.1210786025809802,29.02,17.76,21.4627
840,002462.SZ,20180214,1417.3772,0.07,25.4232,19.52000000000001,0.0137719161843438,29.02,17.76,21.09
841,002462.SZ,20180213,3042.6397,0.07,25.3446,594.9000000000001,0.1955210142035549,29.02,17.76,21.0248
842,002462.SZ,20180212,2281.3288,0.07,24.626,224.13,0.0982453734858386,29.02,17.76,20.4286
843,002462.SZ,20180209,3922.9411,0.05,23.8062,60.150000000000034,0.0153328837896648,29.02,17.76,19.7486
844,002462.SZ,20180208,1653.2940999999998,0.04,25.0415,75.58999999999997,0.0457208430127464,29.02,17.76,20.7733
845,002462.SZ,20180207,5156.2675,0.03,24.9628,-189.94,-0.0368367234632415,29.02,17.76,20.7081
846,002462.SZ,20180206,3775.1322,0.03,25.4345,-45.05000000000014,-0.011933356929858,29.02,17.76,21.0994
847,002462.SZ,20180205,2147.071,0.03,26.6023,-193.81,-0.0902671593067951,29.02,17.76,22.0682
848,002462.SZ,20180202,4223.7199,0.03,26.7595,274.5999999999998,0.0650137808617469,29.02,17.76,22.1986
849,002462.SZ,20180201,5327.0834,0.03,26.9617,-421.9000000000001,-0.0791990604089284,29.02,17.76,22.3662
850,002462.SZ,20180131,8126.7265,0.03,27.3098,-1647.4499999999996,-0.202720000482359,29.02,17.76,22.655
851,002462.SZ,20180130,2458.1317,0.03,29.0391,-136.76000000000005,-0.0556357497037282,29.02,17.76,24.0896
852,002462.SZ,20180129,4004.0904,0.03,28.9605,-657.8999999999999,-0.1643069796825765,29.02,17.76,24.0244
853,002462.SZ,20180126,4088.442700000001,0.02,29.477,-519.6400000000001,-0.1270997389788537,29.02,17.76,24.4529
854,002462.SZ,20180125,5910.7227,0.02,29.8701,-1687.5800000000004,-0.2855116177248512,29.02,17.76,24.7789
855,002462.SZ,20180124,4374.1007,0.02,30.4877,-190.75,-0.0436089640094477,29.02,17.76,25.2913
856,002462.SZ,20180123,4106.6327,0.01,30.2968,-679.33,-0.1654226344615626,29.02,17.76,25.1329
857,002462.SZ,20180122,7136.803,0.02,30.4315,642.2099999999998,0.0899856700542245,29.02,17.76,25.2447
858,002462.SZ,20180119,3567.6539,0.04,29.477,284.4200000000001,0.0797218586702034,29.02,17.76,24.4529
859,002462.SZ,20180118,2769.8106,0.07,29.477,29.629999999999995,0.0106974823477099,29.02,17.76,24.4529
860,002462.SZ,20180117,5784.183999999999,0.07,29.4546,-231.83999999999983,-0.0400817124766431,29.02,17.76,24.4343
861,002462.SZ,20180116,4925.9599,0.08,29.3086,116.98000000000002,0.0237476557614689,29.02,17.76,24.3132
862,002462.SZ,20180115,6908.547100000001,0.08,29.0391,315.2799999999997,0.0456362235700759,29.02,17.76,24.0896
863,002462.SZ,20180112,7571.5982,0.04,29.8588,-1582.3,-0.208978336964579,29.02,17.76,24.7696
864,002462.SZ,20180111,3373.9667,0.03,31.139,-251.33,-0.0744909545194977,29.02,17.76,25.8316
865,002462.SZ,20180110,5275.817,0.02,30.9818,-258.24999999999994,-0.0489497645577926,29.02,17.76,25.7012
866,002462.SZ,20180109,5900.751200000001,0.01,31.4422,-457.74,-0.0775731740731586,29.02,17.76,26.0831
867,002462.SZ,20180108,9671.417,0.01,31.6668,-898.98,-0.092952253015251,29.02,17.76,26.2694
868,002462.SZ,20180105,13568.1912,0.03,31.97,-373.46000000000026,-0.0275246710851185,29.02,17.76,26.5209
869,002462.SZ,20180104,12701.7025,0.06,31.3411,988.26,0.0778053178304247,29.02,17.76,25.9993
870,002462.SZ,20180103,8168.073699999999,0.07,29.3423,-886.4200000000003,-0.108522527165738,29.02,17.76,24.3411
871,002462.SZ,20180102,9413.7349,0.09,29.1289,-940.61,-0.0999188961652192,29.02,17.76,24.1641
872,002462.SZ,20171229,9046.381,0.11,29.2412,1473.92,0.1629292420913954,29.02,17.76,24.2573
873,002462.SZ,20171228,10340.8795,0.12,28.1857,-872.3999999999996,-0.0843641974553518,29.02,17.76,23.3816
874,002462.SZ,20171227,6387.9593,0.13,28.7247,-673.4500000000002,-0.1054249046326892,29.02,17.76,23.8288
875,002462.SZ,20171222,2007.4034,0.11,30.9144,-172.63999999999996,-0.0860016477007062,29.02,17.76,25.6453
876,002462.SZ,20171221,3335.039,0.11,31.285,691.9000000000001,0.2074638407526869,29.02,17.76,25.9527
877,002462.SZ,20171220,1761.3205000000005,0.11,30.7796,-219.93000000000004,-0.1248665418928582,29.02,17.76,25.5335
878,002462.SZ,20171219,1544.1052,0.08,31.2176,-11.77000000000001,-0.007622537635389,29.02,17.76,25.8968
879,002462.SZ,20171218,2194.1634,0.05,31.1614,-355.35,-0.1619523869553197,29.02,17.76,25.8502
880,002462.SZ,20171215,2385.3394,0.05,31.8914,-84.64999999999995,-0.0354876123708013,29.02,17.76,26.4557
881,002462.SZ,20171214,2757.5524,0.04,32.5763,356.19000000000017,0.129168896300937,29.02,17.76,27.0239
882,002462.SZ,20171213,3206.4661,0.04,32.4416,683.9300000000001,0.213297124831602,29.02,17.76,26.9122
883,002462.SZ,20171212,4687.6853,0.04,32.9806,1035.64,0.2209277999101176,29.02,17.76,27.3593
884,002462.SZ,20171211,5259.8305,0.05,32.0598,516.45,0.0981875746756478,29.02,17.76,26.5954
885,002462.SZ,20171208,3410.8078,0.08,30.847,-434.2299999999999,-0.1273100172926776,29.02,17.76,25.5894
886,002462.SZ,20171207,2899.6411,0.07,30.5214,-158.01,-0.0544929508689885,29.02,17.76,25.3192
887,002462.SZ,20171206,3838.2041,0.07,30.9144,-311.36,-0.0811212723158729,29.02,17.76,25.6453
888,002462.SZ,20171205,7490.1831,0.06,30.746,-135.4700000000001,-0.0180863402391324,29.02,17.76,25.5055
889,002462.SZ,20171120,6925.0515,0.07,33.587,517.56,0.0747373503287304,29.02,17.76,27.8623
890,002462.SZ,20171117,3914.0326,0.05,32.4528,-301.27,-0.0769717656414001,29.02,17.76,26.9215
891,002462.SZ,20171116,5028.5266,0.05,33.3175,-862.4700000000001,-0.1715154494757967,29.02,17.76,27.6388
892,002462.SZ,20171115,3500.7694,0.04,33.4859,-503.7899999999999,-0.1439083648297428,29.02,17.76,27.7785
893,002462.SZ,20171114,5343.7833,0.04,33.9126,-1204.9600000000005,-0.2254881854958453,29.02,17.76,28.1325
894,002462.SZ,20171113,5628.4202,0.05,34.2271,-928.47,-0.1649610311611062,29.02,17.76,28.3933
895,002462.SZ,20171110,3315.1692000000003,0.05,34.6313,635.82,0.1917911158199708,29.02,17.76,28.7287
896,002462.SZ,20171109,3605.7404,0.05,34.7548,63.529999999999966,0.017619127544512,29.02,17.76,28.8311
897,002462.SZ,20171108,3629.8133,0.06,34.9345,164.95999999999992,0.0454458635654896,29.02,17.76,28.9802
898,002462.SZ,20171107,5113.441199999999,0.07,34.8447,317.4199999999999,0.0620756135809286,29.02,17.76,28.9057
899,002462.SZ,20171106,7125.645600000001,0.08,35.8104,306.3600000000001,0.0429939990279617,29.02,17.76,29.7068
900,002462.SZ,20171103,7109.177000000001,0.08,34.4292,-1555.6899999999998,-0.2188284241621779,29.02,17.76,28.561
901,002462.SZ,20171102,8609.1584,0.08,35.7992,-1023.9600000000002,-0.1189384551223961,29.02,17.76,29.6975
902,002462.SZ,20171101,3965.8885,0.09,37.7194,-257.4100000000001,-0.0649060103429534,29.02,17.76,31.2904
903,002462.SZ,20171031,2870.822,0.1,38.337,-531.75,-0.1852256949403341,29.02,17.76,31.8027
904,002462.SZ,20171030,2473.1433,0.09,38.2135,267.30000000000007,0.1080810804614516,29.02,17.76,31.7003
905,002462.SZ,20171027,3025.8723,0.1,38.7749,-221.43999999999997,-0.0731822026990365,29.02,17.76,32.166
906,002462.SZ,20171026,2364.3371,0.11,39.5273,-347.65,-0.1470391003042671,29.02,17.76,32.7902
907,002462.SZ,20171025,2492.4849,0.12,39.3926,-204.85,-0.0821870575825755,29.02,17.76,32.6784
908,002462.SZ,20171024,3373.1825,0.12,39.1006,107.61999999999988,0.0319045886192045,29.02,17.76,32.4362
909,002462.SZ,20171023,4059.6696,0.14,39.5835,-447.5900000000001,-0.1102528146625528,27.84,23.13,32.8367
910,002462.SZ,20171020,1603.0753,0.13,39.2578,-77.30000000000001,-0.0482198184951137,27.84,23.13,32.5666
911,002462.SZ,20171019,2783.2753,0.12,38.7974,-218.87999999999997,-0.0786411606498286,27.84,23.13,32.1847
912,002462.SZ,20171018,2087.687,0.12,39.808,166.46000000000004,0.0797341747110558,27.84,23.13,33.0231
913,002462.SZ,20171017,3503.0107000000003,0.12,39.954,728.32,0.2079125821682474,27.84,23.13,33.1442
914,002462.SZ,20171016,5783.7205,0.1,39.7519,456.69,0.0789612845226528,27.84,23.13,32.9765
915,002462.SZ,20171013,2837.7054,0.09,40.1674,-432.06,-0.152256819893989,27.84,23.13,33.3211
916,002462.SZ,20171012,3224.2364,0.1,40.1,749.76,0.2325387803450143,27.84,23.13,33.2653
917,002462.SZ,20171011,4903.211499999999,0.09,40.0551,-422.75,-0.0862190015666262,27.84,23.13,33.228
918,002462.SZ,20171010,9201.7156,0.07,40.7401,29.070000000000164,0.0031591934877883,27.84,23.13,33.7962
919,002462.SZ,20171009,4634.3794,0.05,39.3027,816.1699999999998,0.1761120377843902,27.84,23.13,32.6039
