,Code,Date,Close,Amount,North,PE,MainForce,MainForceRatio,rev_yoy,profit_yoy
0,600761.SH,20220531,10.44,5124.0795,0.05,12.1895,-397.81,-0.07763540749123818,13.65,8.46
1,600761.SH,20220530,10.35,5589.781300000001,0.05,12.0845,-116.37,-0.020818345791095618,13.65,8.46
2,600761.SH,20220527,10.21,4337.8731,0.05,11.921,-124.38,-0.02867303794571584,13.65,8.46
3,600761.SH,20220523,9.91,2668.2057,0.05,11.5707,-248.66,-0.09319371441264818,13.65,8.46
4,600761.SH,20220513,9.9,3355.5440000000003,0.05,11.559,-291.2099999999999,-0.08678473594743502,13.65,8.46
5,600761.SH,20220512,9.78,3982.4289,0.05,11.4189,-365.31000000000006,-0.09173045123291468,13.65,8.46
6,600761.SH,20220506,9.66,3434.5027999999998,0.05,11.2788,-141.61,-0.04123158670885347,13.65,8.46
7,600761.SH,20220428,9.27,4115.2945,0.05,10.8235,-299.15999999999997,-0.07269467592173537,13.65,8.46
8,600761.SH,20220427,9.28,5750.2597000000005,0.05,10.8351,85.69000000000001,0.01490193564648915,13.65,8.46
9,600761.SH,20220426,8.83,8546.3065,0.05,10.3097,-539.27,-0.063099772983803,13.65,8.46
10,600761.SH,20220419,9.96,2792.6536,0.05,11.6291,-122.54,-0.04387941275638339,20.47,-13.4
11,600761.SH,20220412,10.13,4384.443499999999,0.05,11.8276,-38.25,-0.008724026207658966,20.47,-13.4
12,600761.SH,20220408,10.329999999999998,6409.8786,0.05,12.0611,408.06000000000006,0.06366111208408846,20.47,-13.4
13,600761.SH,20220331,10.36,3830.5209999999997,0.05,12.0961,-278.9899999999999,-0.07283343440748659,20.47,-13.4
14,600761.SH,20220330,10.32,3851.7742,0.05,12.0494,119.00999999999999,0.03089744980378133,20.47,-13.4
15,600761.SH,20220329,10.26,2040.4309,0.05,11.9794,173.11999999999998,0.08484482370856077,20.47,-13.4
16,600761.SH,20220328,10.34,2611.7113,0.05,12.0728,-271.05,-0.1037825275710987,20.47,-13.4
17,600761.SH,20220325,10.36,3369.7849,0.05,12.0961,-25.0,-0.00741887115702845,20.47,-13.4
18,600761.SH,20220322,10.5,3303.129,0.05,12.2596,-213.73000000000002,-0.06470531426414168,20.47,-13.4
19,600761.SH,20220321,10.45,4736.1161999999995,0.05,12.2012,38.910000000000046,0.008215592345474981,20.47,-13.4
20,600761.SH,20220318,10.32,5805.7554,0.05,12.0494,394.35999999999984,0.06792570007341334,20.47,-13.4
21,600761.SH,20220308,10.18,5707.9346,0.05,10.2936,-479.51,-0.08400761984904312,30.3,-13.26
22,600761.SH,20220307,10.53,6358.1865,0.05,10.6476,-1123.97,-0.17677524872854863,30.3,-13.26
23,600761.SH,20220224,11.27,14403.7946,0.05,11.3958,650.4699999999998,0.0451596275886911,30.3,-13.26
24,600761.SH,20220214,11.29,3532.3498,0.05,11.416,-114.67000000000006,-0.03246280988366443,30.3,-13.26
25,600761.SH,20220210,11.62,3846.1711999999998,0.05,11.7497,-18.17999999999992,-0.004726778672774609,30.3,-13.26
26,600761.SH,20220208,11.61,7891.2859,0.05,11.7396,-866.3000000000002,-0.10977931999650402,30.3,-13.26
27,600761.SH,20220128,11.11,3695.4728000000005,0.05,11.234,183.92000000000002,0.04976900384708555,30.3,-13.26
28,600761.SH,20220125,10.95,8476.1847,0.05,11.0722,-1748.8700000000001,-0.20632750015463916,30.3,-13.26
29,600761.SH,20220124,11.59,3990.9815000000003,0.05,11.7194,6.890000000000029,0.0017263923673913367,30.3,-13.26
30,600761.SH,20220121,11.62,5107.323399999999,0.05,11.7497,-99.84999999999997,-0.01955035782539245,30.3,-13.26
31,600761.SH,20220119,12.079999999999998,9873.5393,0.05,12.2149,-1613.1100000000001,-0.1633770779643324,30.3,-13.26
32,600761.SH,20220118,12.28,5825.9411,0.05,12.4171,-112.81999999999996,-0.019365111672687518,30.3,-13.26
33,600761.SH,20220117,12.31,8575.6872,0.05,12.4474,247.94,0.028911968710799058,30.3,-13.26
34,600761.SH,20220114,12.25,16244.104500000001,0.05,12.3868,-1530.1200000000003,-0.09419540486211476,30.3,-13.26
35,600761.SH,20220110,12.55,8231.4648,0.05,12.6901,-382.53,-0.04647168022877289,30.3,-13.26
36,600761.SH,20220107,12.28,10716.4005,0.05,12.4171,-1003.5799999999999,-0.093648982230554,30.3,-13.26
37,600761.SH,20220105,12.2,10960.404700000001,0.05,12.3362,-1527.6399999999999,-0.13937806511834364,30.3,-13.26
38,600761.SH,20211231,12.510000000000002,11192.2433,0.05,12.6497,-749.9200000000001,-0.06700354700116286,30.3,-13.26
39,600761.SH,20211229,12.88,7569.588099999999,0.05,13.0238,-163.27999999999997,-0.021570526406846365,30.3,-13.26
40,600761.SH,20211222,12.83,13048.716,0.05,12.9732,-3466.92,-0.26569050931907784,30.3,-13.26
41,600761.SH,20211220,13.23,9692.6654,0.05,13.3777,-102.53000000000013,-0.010578101664378111,30.3,-13.26
42,600761.SH,20211215,13.65,19727.6411,0.05,13.8024,888.3699999999997,0.04503173975524117,30.3,-13.26
43,600761.SH,20211213,12.98,18044.577299999997,0.05,13.1249,-3082.9500000000007,-0.17085188246554278,30.3,-13.26
44,600761.SH,20211210,13.27,22677.845999999998,0.05,13.4181,-1557.1799999999994,-0.06866525154108549,30.3,-13.26
45,600761.SH,20211202,12.82,23454.965,0.05,12.9631,2181.9399999999996,0.09302678558676168,30.3,-13.26
46,600761.SH,20211130,12.13,24091.186999999998,0.05,12.2654,-777.1600000000005,-0.03225909956200998,30.3,-13.26
47,600761.SH,20211126,12.760000000000002,25017.740400000002,0.05,12.9025,2550.9000000000005,0.10196364496611374,30.3,-13.26
48,600761.SH,20211119,12.49,13423.488000000001,0.05,12.6294,1174.0899999999997,0.08746534432779317,30.3,-13.26
49,600761.SH,20211103,10.61,2658.4447,0.05,10.7284,-84.99000000000001,-0.03196982054958676,30.3,-13.26
50,600761.SH,20211029,10.5,4095.0216,0.05,10.6172,-335.5,-0.08192874977753475,30.3,-13.26
51,600761.SH,20211026,10.5,2864.8055,0.05,10.6172,-166.60000000000005,-0.05815403523904155,46.19,-6.11
52,600761.SH,20211020,10.8,3079.4224999999997,0.05,10.9206,130.90000000000003,0.042507970244420844,46.19,-6.11
53,600761.SH,20211013,10.54,3455.9152999999997,0.05,10.6577,-18.689999999999998,-0.005408118653833906,46.19,-6.11
54,600761.SH,20211012,10.44,4259.4021999999995,0.05,10.5566,145.57999999999998,0.034178505143280434,46.19,-6.11
55,600761.SH,20210927,10.43,6956.666800000001,0.05,10.5464,-8.180000000000081,-0.0011758504805778652,46.19,-6.11
56,600761.SH,20210923,11.15,8075.5262,0.05,11.2745,689.8399999999997,0.08542353562050231,46.19,-6.11
57,600761.SH,20210917,10.86,5682.1079,0.05,10.9812,-18.12000000000009,-0.0031889573937869237,46.19,-6.11
58,600761.SH,20210914,10.92,11704.2223,0.05,11.0419,835.35,0.07137167926142346,46.19,-6.11
59,600761.SH,20210908,10.98,9164.6646,0.05,11.1026,-89.50000000000011,-0.009765769278670615,46.19,-6.11
60,600761.SH,20210907,10.92,9915.539999999999,0.05,11.0419,-394.7700000000001,-0.03981326281775881,46.19,-6.11
61,600761.SH,20210906,10.94,12305.2209,0.05,11.0621,-207.6599999999997,-0.01687576368498998,46.19,-6.11
62,600761.SH,20210903,10.63,8986.2485,0.05,10.7487,-448.2700000000001,-0.049883997755014245,46.19,-6.11
63,600761.SH,20210831,10.27,6677.0826,0.05,10.3847,-21.060000000000045,-0.003154072109277193,46.19,-6.11
64,600761.SH,20210830,10.17,5735.516799999999,0.05,10.2835,-278.57000000000005,-0.04856929370340264,46.19,-6.11
65,600761.SH,20210827,10.3,5357.2321,0.05,10.415,102.02000000000002,0.019043416095412408,46.19,-6.11
66,600761.SH,20210826,10.22,5858.0261,0.05,10.3341,-675.0999999999999,-0.11524359715638684,46.19,-6.11
67,600761.SH,20210825,10.33,7902.2062000000005,0.05,10.4453,448.43,0.056747443517735585,46.19,-6.11
68,600761.SH,20210824,10.29,12476.982399999999,0.05,10.4049,319.6300000000001,0.025617572402763036,46.19,-6.11
69,600761.SH,20210823,10.409999999999998,19772.9957,0.05,10.5262,299.87000000000023,0.015165633197401659,46.19,-6.11
70,600761.SH,20210820,11.04,5768.6427,0.05,11.1632,-24.919999999999987,-0.004319907003427338,84.47,141.19
71,600761.SH,20210817,11.05,8905.5981,0.05,11.1734,-403.9,-0.045353495123477444,84.47,141.19
72,600761.SH,20210816,11.19,10757.641,0.05,11.3149,-1991.9199999999998,-0.18516327139007518,84.47,141.19
73,600761.SH,20210806,10.74,8165.9246,0.05,10.8599,-9.500000000000014,-0.0011633710161859704,84.47,141.19
74,600761.SH,20210805,10.71,6376.828100000001,0.05,10.8296,-502.62000000000006,-0.07881975052769574,84.47,141.19
75,600761.SH,20210727,9.95,6374.8042000000005,0.05,10.0611,133.4999999999999,0.020941819671888882,84.47,141.19
76,600761.SH,20210726,10.1,6283.5077,0.05,10.2128,40.139999999999894,0.006388151637022724,84.47,141.19
77,600761.SH,20210722,10.26,7781.0096,0.05,10.3745,29.25999999999999,0.0037604374630253626,84.47,141.19
78,600761.SH,20210721,10.05,4243.6907,0.05,10.1622,167.94000000000005,0.039574043414615505,84.47,141.19
79,600761.SH,20210713,10.42,6842.3753,0.05,10.5363,-963.0300000000002,-0.14074498369009375,84.47,141.19
80,600761.SH,20210708,10.13,7984.9944000000005,0.05,10.2431,-262.5100000000001,-0.03287541441481789,84.47,141.19
81,600761.SH,20210702,10.62,5149.0307,0.05,10.7386,-251.42999999999992,-0.04883054979648886,84.47,141.19
82,600761.SH,20210629,11.03,2505.799,0.05,11.1531,194.0,0.07742041560396504,84.47,141.19
83,600761.SH,20210628,11.1,3305.9194,0.05,11.2239,-297.09000000000003,-0.08986607477484176,84.47,141.19
84,600761.SH,20210625,11.090000000000002,3574.8585,0.05,11.2138,-595.14,-0.16647931659392953,84.47,141.19
85,600761.SH,20210624,10.97,3928.6452,0.05,11.0925,-614.58,-0.1564356078782579,84.47,141.19
86,600761.SH,20210623,11.090000000000002,4297.0165,0.05,11.2138,-148.1400000000001,-0.034475082885997786,84.47,141.19
87,600761.SH,20210622,11.159999999999998,6728.7813,0.05,11.2846,52.17000000000007,0.007753261352096564,84.47,141.19
88,600761.SH,20210617,11.44,5114.2907,0.05,11.5677,87.40999999999994,0.017091324120468935,84.47,141.19
89,600761.SH,20210611,11.590000000000002,5998.1128,0.05,11.7194,-142.6099999999998,-0.023775811618614407,84.47,141.19
90,600761.SH,20210604,11.44,6070.6024,0.05,11.5677,-268.52000000000004,-0.044232842526468225,84.47,141.19
91,600761.SH,20210602,11.49,4685.5524,0.05,11.6183,-229.71999999999997,-0.049027303589647186,84.47,141.19
92,600761.SH,20210601,11.52,5179.7934000000005,0.05,11.6486,-418.66,-0.08082561748505258,84.47,141.19
93,600761.SH,20210528,11.57,4492.1133,0.05,11.6992,55.90999999999994,0.012446257755787223,84.47,141.19
94,600761.SH,20210527,11.55,5157.9662,0.05,11.6789,616.0699999999999,0.11944048799699385,84.47,141.19
95,600761.SH,20210525,11.46,7927.583500000001,0.05,11.5879,-465.2700000000002,-0.058690015690153266,84.47,141.19
96,600761.SH,20210524,11.3,4325.4225,0.05,11.4262,-1207.4099999999999,-0.27914267334578297,84.47,141.19
97,600761.SH,20210521,11.33,3271.5125,0.05,11.4565,24.56000000000006,0.007507230982611273,84.47,141.19
98,600761.SH,20210520,11.37,3648.0208,0.05,11.4969,142.36000000000007,0.03902390030232286,84.47,141.19
99,600761.SH,20210518,11.4,3389.5580999999997,0.05,11.5273,-101.56999999999996,-0.029965558047227447,84.47,141.19
100,600761.SH,20210507,11.94,9474.1614,0.15,12.0733,-1012.2299999999999,-0.10684111841286552,84.47,141.19
101,600761.SH,20210506,12.31,4832.1733,0.2,12.4474,-316.87999999999994,-0.06557711827098583,84.47,141.19
102,600761.SH,20210430,12.32,3348.1614999999997,0.2,12.4575,-584.39,-0.17454056502352114,84.47,141.19
103,600761.SH,20210427,12.48,5020.5004,0.2,12.6193,-736.4300000000001,-0.14668458148116073,84.47,141.19
104,600761.SH,20210423,12.37,7205.1778,0.2,12.5081,-286.58,-0.039774174622033615,26.32,12.38
105,600761.SH,20210419,12.91,7583.765300000001,0.2,13.0541,-115.33000000000004,-0.01520748538987619,26.32,12.38
106,600761.SH,20210409,13.06,10102.7942,0.2,13.2058,778.2099999999999,0.07702918465863631,26.32,12.38
107,600761.SH,20210408,12.93,10571.205100000001,0.2,13.0743,-17.64999999999992,-0.001669629889216691,26.32,12.38
108,600761.SH,20210330,12.65,7249.1739,0.2,12.7912,-1248.6299999999999,-0.172244453950815,26.32,12.38
109,600761.SH,20210329,12.64,7957.3879,0.2,12.7811,-268.79000000000013,-0.033778672521418765,26.32,12.38
110,600761.SH,20210326,12.64,10782.1985,0.2,12.7811,-486.83000000000004,-0.04515127411167583,26.32,12.38
111,600761.SH,20210324,12.71,11926.4846,0.2,12.8519,-712.7300000000001,-0.05976027504366208,26.32,12.38
112,600761.SH,20210323,12.67,33351.9621,0.2,12.8114,-7148.090000000001,-0.21432292284836824,26.32,12.38
113,600761.SH,20210319,14.7,13680.5762,0.2,16.7049,-400.3600000000001,-0.02926484923931787,21.2,21.55
114,600761.SH,20210315,13.98,9213.4459,0.2,15.8867,-20.579999999999927,-0.0022336919566651957,21.2,21.55
115,600761.SH,20210225,15.0,10293.1268,0.2,17.0459,-110.57999999999998,-0.01074309120528856,21.2,21.55
116,600761.SH,20210224,14.91,17537.7625,0.2,16.9436,1002.5600000000002,0.05716578725478807,21.2,21.55
117,600761.SH,20210208,13.0,11941.639599999999,0.2,14.7731,851.6000000000001,0.07131349031836468,21.2,21.55
118,600761.SH,20210203,13.72,7775.5563999999995,0.2,15.5913,167.23,0.021507142562813896,21.2,21.55
119,600761.SH,20210202,14.19,8391.7407,0.2,16.1254,521.65,0.06216231156904073,21.2,21.55
120,600761.SH,20210201,14.14,12609.9697,0.2,16.0686,764.7599999999998,0.060647251198391046,21.2,21.55
121,600761.SH,20210127,14.4,6557.8254,0.2,16.364,-206.73000000000005,-0.03152416958219108,21.2,21.55
122,600761.SH,20210126,14.2,12955.9579,0.2,16.1368,-1621.4999999999998,-0.12515477531769378,21.2,21.55
123,600761.SH,20210122,15.0,10172.492999999999,0.2,17.0459,452.22000000000014,0.044455179276112575,21.2,21.55
124,600761.SH,20210120,14.33,10363.9225,0.2,16.2845,-289.0700000000003,-0.027891949211314562,21.2,21.55
125,600761.SH,20210118,14.51,12715.761999999999,0.2,16.489,1301.21,0.10233047771734011,21.2,21.55
126,600761.SH,20210115,13.82,7498.2664,0.2,15.7049,70.7999999999999,0.009442182529017627,21.2,21.55
127,600761.SH,20201222,14.31,8903.8223,0.2,16.2618,1461.4199999999998,0.16413400343805154,21.2,21.55
128,600761.SH,20201221,14.6,7342.3965,0.2,16.5913,872.49,0.11882904988854798,21.2,21.55
129,600761.SH,20201214,14.49,11039.8622,0.2,16.4663,2059.89,0.18658656808234436,21.2,21.55
130,600761.SH,20201209,15.5,9652.7127,0.2,17.6141,-960.0299999999997,-0.09945701585006252,21.2,21.55
131,600761.SH,20201207,16.209999999999997,10294.2029,0.2,18.4209,-9.920000000000073,-0.0009636491621901169,21.2,21.55
132,600761.SH,20201125,15.46,13107.814699999999,0.2,17.5686,-132.09999999999997,-0.010077957540855378,21.2,21.55
133,600761.SH,20201119,14.96,17520.8397,0.22,17.0004,2990.1999999999994,0.1706653363194687,21.2,21.55
134,600761.SH,20201116,14.78,14477.8386,0.22,16.7959,-341.5,-0.023587775042608918,21.2,21.55
135,600761.SH,20201113,14.43,25799.3914,0.22,16.3981,-3644.43,-0.14126030895441974,21.2,21.55
136,600761.SH,20201105,14.79,16361.2655,0.23,16.8072,672.6099999999998,0.04110990069808474,21.2,21.55
137,600761.SH,20201029,14.7,22212.828,0.23,16.7049,-3444.8399999999997,-0.15508335993958083,21.2,21.55
138,600761.SH,20201028,14.91,49036.643800000005,0.23,16.9436,1654.2599999999984,0.0337351798941835,21.2,21.55
139,600761.SH,20201027,16.02,20943.8904,0.23,18.205,-1303.5500000000002,-0.06224010797917469,8.34,15.03
140,600761.SH,20201023,15.95,33300.722200000004,0.25,18.1254,-837.3100000000006,-0.025143899131412847,8.34,15.03
141,600761.SH,20201020,15.5,22852.1624,0.26,17.6141,1650.9399999999996,0.07224436668627908,8.34,15.03
142,600761.SH,20201014,14.77,12856.882099999999,0.26,16.7845,942.53,0.07330937568448263,8.34,15.03
143,600761.SH,20201013,14.7,23878.47,0.27,16.7049,1446.35,0.060571301260089104,8.34,15.03
144,600761.SH,20201009,13.99,21512.4197,0.27,15.8981,557.98,0.025937575027880293,8.34,15.03
145,600761.SH,20200914,12.12,8400.0023,0.3,13.7731,-671.0199999999998,-0.07988331146052183,8.34,15.03
146,600761.SH,20200902,12.8,12158.1896,0.31,14.5458,66.94000000000028,0.005505753915862628,8.34,15.03
147,600761.SH,20200831,12.7,14779.0353,0.31,14.4322,485.99,0.03288374309519377,8.34,15.03
148,600761.SH,20200826,12.18,16890.4545,0.31,13.8412,-2307.3100000000004,-0.13660437615814308,8.34,15.03
149,600761.SH,20200825,12.56,19452.254999999997,0.31,14.2731,-1670.9500000000007,-0.08590006659896249,8.34,15.03
150,600761.SH,20200817,13.26,19402.39,0.31,15.0685,3678.220000000001,0.1895756141382583,8.34,15.03
151,600761.SH,20200814,12.05,16535.8117,0.31,13.6935,1584.0200000000004,0.09579330175851002,-24.23,-47.7
152,600761.SH,20200813,11.8,20735.667800000003,0.31,13.4094,1332.3300000000006,0.06425305482565652,-24.23,-47.7
153,600761.SH,20200807,10.78,6241.9491,0.31,12.2503,-692.1800000000001,-0.11089164440639224,-24.23,-47.7
154,600761.SH,20200731,10.83,4626.1067,0.31,12.3071,-289.51000000000005,-0.06258178178207606,-24.23,-47.7
155,600761.SH,20200727,10.48,9945.3287,0.31,11.9094,170.26000000000022,0.017119595051694993,-24.23,-47.7
156,600761.SH,20200724,10.3,13165.9938,0.31,11.7048,-2022.9599999999998,-0.15365038376366238,-24.23,-47.7
157,600761.SH,20200723,11.07,9164.6984,0.31,12.5798,-926.54,-0.10109879884317852,-24.23,-47.7
158,600761.SH,20200722,11.23,9915.721300000001,0.31,12.7617,311.44,0.03140870851220878,-24.23,-47.7
159,600761.SH,20200717,10.44,11115.0998,0.31,11.8639,-912.5599999999996,-0.08210092724493573,-24.23,-47.7
160,600761.SH,20200629,9.56,5703.7835,0.31,10.8639,107.53999999999996,0.018854151809934577,-24.23,-47.7
161,600761.SH,20200624,9.6,5813.466399999999,0.31,10.9094,259.1400000000001,0.044575814526080365,-24.23,-47.7
162,600761.SH,20200623,9.48,4285.9968,0.31,10.773,27.850000000000165,0.006497904991436336,-24.23,-47.7
163,600761.SH,20200622,9.53,10144.0415,0.31,10.8298,843.9399999999999,0.08319563755727931,-24.23,-47.7
164,600761.SH,20200610,9.48,4112.674300000001,0.49,10.773,10.970000000000027,0.0026673641528092867,-24.23,-47.7
165,600761.SH,20200609,9.48,5163.3776,0.49,10.773,107.25000000000003,0.020771287383669176,-24.23,-47.7
166,600761.SH,20200608,9.48,7758.530100000001,0.49,10.773,417.7100000000001,0.053838806399681305,-24.23,-47.7
167,600761.SH,20200603,9.35,4263.7711,0.49,10.6253,-909.4399999999999,-0.21329475215027371,-24.23,-47.7
168,600761.SH,20200527,9.19,3708.4846,0.49,10.4434,-103.12000000000003,-0.027806506193931622,-24.23,-47.7
169,600761.SH,20200525,9.2,2932.1144,0.49,10.4548,-172.28999999999996,-0.0587596445759415,-24.23,-47.7
170,600761.SH,20200522,9.29,4516.9914,0.49,10.5571,139.03999999999996,0.030781550746366258,-24.23,-47.7
171,600761.SH,20200520,9.41,6986.3682,0.49,10.6934,451.80000000000007,0.06466879315063871,-24.23,-47.7
172,600761.SH,20200519,9.52,7388.6925,0.49,10.8184,-125.84999999999992,-0.01703278354052492,-24.23,-47.7
173,600761.SH,20200513,9.25,2815.6113,0.49,10.5116,-187.20999999999998,-0.06649000165612348,-24.23,-47.7
174,600761.SH,20200511,9.38,5797.6666,0.49,10.6593,143.85000000000002,0.024811706143985587,-24.23,-47.7
175,600761.SH,20200508,9.27,5223.1517,0.49,10.5343,-134.39999999999998,-0.025731590372916023,-24.23,-47.7
176,600761.SH,20200507,9.17,4332.709,0.49,10.4207,-255.01000000000005,-0.058856941465489615,-24.23,-47.7
177,600761.SH,20200506,9.2,6807.6746,0.49,10.4548,4.990000000000066,0.0007329962569010078,-24.23,-47.7
178,600761.SH,20200428,9.13,6291.007299999999,0.49,10.3752,-1389.82,-0.2209216956400607,4.79,11.79
179,600761.SH,20200427,9.32,4771.68,0.49,10.5912,-867.1099999999999,-0.18172006505046437,4.79,11.79
180,600761.SH,20200424,9.49,4136.2198,0.49,10.7844,-234.74999999999994,-0.05675472082020398,4.79,11.79
181,600761.SH,20200420,9.61,6403.1235,0.49,10.9207,57.190000000000055,0.008931578471038402,4.79,11.79
182,600761.SH,20200415,9.5,7651.6473,0.49,10.7957,-453.6800000000002,-0.05929180766081576,4.79,11.79
183,600761.SH,20200403,9.19,3581.4836000000005,0.49,10.4434,-265.29999999999995,-0.07407544739280669,4.79,11.79
184,600761.SH,20200402,9.26,4825.8356,0.49,10.523,-169.73000000000002,-0.035171111092139155,4.79,11.79
185,600761.SH,20200326,9.1,5149.3476,0.49,10.3412,-2152.28,-0.4179713950559485,4.79,11.79
186,600761.SH,20200310,9.6,4446.9744,0.49,12.1957,291.21000000000004,0.06548497333377949,0.31,4.15
187,600761.SH,20200309,9.420000000000002,7167.8197,0.49,11.9671,-1347.21,-0.1879525513176622,0.31,4.15
188,600761.SH,20200306,9.91,6913.8765,0.49,12.5895,-1176.3300000000002,-0.17014044147302892,0.31,4.15
189,600761.SH,20200227,9.59,5207.6039,0.49,12.183,-1.1399999999999295,-0.00021891065870043025,0.31,4.15
190,600761.SH,20200226,9.5,6239.8059,0.49,12.0687,-411.42999999999995,-0.0659363458725535,0.31,4.15
191,600761.SH,20200224,9.829999999999998,7216.8818,0.49,12.4879,-2349.14,-0.3255062317911317,0.31,4.15
192,600761.SH,20200219,9.95,4924.401400000001,0.49,12.6404,446.0399999999999,0.0905775065371397,0.31,4.15
193,600761.SH,20200217,9.85,4501.757299999999,0.49,12.5133,-581.4199999999998,-0.12915400836913174,0.31,4.15
194,600761.SH,20200211,9.47,3239.1354,0.49,12.0306,27.200000000000045,0.008397302564134875,0.31,4.15
195,600761.SH,20200207,9.23,3998.8565000000003,0.49,11.7257,129.43,0.0323667528454697,0.31,4.15
196,600761.SH,20200206,9.3,4187.4842,0.49,11.8146,-12.479999999999961,-0.002980309752571714,0.31,4.15
197,600761.SH,20200122,10.14,4453.3143,0.49,12.8817,-828.1899999999999,-0.18597160321695685,0.31,4.15
198,600761.SH,20200116,10.7,8228.9054,0.49,13.5932,652.7800000000001,0.0793276831205278,0.31,4.15
199,600761.SH,20200113,10.09,6180.1079,0.5,12.8182,-1608.9099999999999,-0.26033687858427196,0.31,4.15
200,600761.SH,20191231,9.73,6126.2329,0.5,12.3609,-331.09000000000003,-0.05404463157122218,0.31,4.15
201,600761.SH,20191230,9.59,4998.730799999999,0.5,12.183,417.4799999999999,0.08351720000604952,0.31,4.15
202,600761.SH,20191210,9.15,2373.6943,0.5,11.6241,-210.65999999999997,-0.08874773807225302,0.31,4.15
203,600761.SH,20191205,9.08,1925.4685000000002,0.5,11.5351,-362.07000000000005,-0.1880425465282865,0.31,4.15
204,600761.SH,20191129,8.94,1802.2644,0.5,11.3573,-189.63000000000002,-0.10521763621364325,0.31,4.15
205,600761.SH,20191127,9.05,1947.7904999999998,0.5,11.497,-161.21,-0.08276557463443837,0.31,4.15
206,600761.SH,20191119,9.14,2535.1954,0.5,11.6113,27.149999999999977,0.010709233694570436,0.31,4.15
207,600761.SH,20191114,9.16,2012.7922999999998,0.5,11.6368,-6.300000000000011,-0.0031299801772890386,0.31,4.15
208,600761.SH,20191107,9.41,5637.5288,0.5,11.9544,1144.07,0.20293820937996804,0.31,4.15
209,600761.SH,20191105,9.35,7023.558800000001,0.5,11.8781,1321.2599999999998,0.18811830834248866,0.31,4.15
210,600761.SH,20191031,9.06,4611.0547,0.5,11.5097,172.73000000000002,0.03745997634771065,0.31,4.15
211,600761.SH,20191030,9.11,4073.4447999999998,0.5,11.5732,140.20000000000005,0.03441804342113585,0.31,4.15
212,600761.SH,20191029,9.06,4441.7064,0.5,11.5097,720.5100000000001,0.16221468397821165,1.43,8.85
213,600761.SH,20191016,9.12,3368.7604,0.5,11.5859,-824.1600000000001,-0.24464785325783336,-1.38,-0.5
214,600761.SH,20191009,9.25,2808.055,0.5,11.7511,-153.18,-0.054550213581998935,-1.38,-0.5
215,600761.SH,20190930,9.05,2447.1856,0.5,11.497,-175.59999999999997,-0.07175589787713689,-1.38,-0.5
216,600761.SH,20190927,9.17,2098.4388,0.5,11.6495,111.58000000000001,0.05317286355932802,-1.38,-0.5
217,600761.SH,20190919,9.64,3302.4756,0.5,12.2465,260.07000000000005,0.07875001408034628,-1.38,-0.5
218,600761.SH,20190911,9.77,7142.4209,0.5,12.4117,-751.79,-0.10525702846775663,-1.38,-0.5
219,600761.SH,20190909,9.85,8797.4496,0.5,12.5133,838.3499999999997,0.09529466358068135,-1.38,-0.5
220,600761.SH,20190904,9.5,6598.3270999999995,0.5,12.0687,989.9399999999996,0.1500289368800767,-1.38,-0.5
221,600761.SH,20190903,9.3,5145.6374000000005,0.5,11.8146,343.2099999999999,0.06669921980899779,-1.38,-0.5
222,600761.SH,20190902,9.34,5838.152700000001,0.5,11.8654,532.5699999999998,0.09122234846649348,-1.38,-0.5
223,600761.SH,20190830,9.01,3490.7921,0.5,11.4462,75.20000000000005,0.021542388617185205,-1.38,-0.5
224,600761.SH,20190829,9.1,2897.1071,0.5,11.5605,307.62999999999994,0.106185235609688,-1.38,-0.5
225,600761.SH,20190827,9.12,5161.6075,0.52,11.5859,-515.03,-0.09978093064999614,-1.38,-0.5
226,600761.SH,20190820,9.090000000000002,2523.1763,0.52,11.5478,-166.05,-0.06580990793231531,8.72,0.9
227,600761.SH,20190816,8.729999999999999,2165.5683,0.52,11.0905,-287.84000000000003,-0.13291661131168203,8.72,0.9
228,600761.SH,20190815,8.67,2612.7234,0.52,11.0143,-350.88999999999993,-0.13430047742520312,8.72,0.9
229,600761.SH,20190813,8.65,2295.0281,0.52,10.9889,-116.38999999999999,-0.050713976007526876,8.72,0.9
230,600761.SH,20190808,8.86,1994.5901999999999,0.52,11.2556,-273.47999999999996,-0.1371108711954967,8.72,0.9
231,600761.SH,20190805,9.13,3863.0711,0.52,11.5986,-458.74,-0.11875007943809265,8.72,0.9
232,600761.SH,20190731,9.67,5403.8129,0.52,12.2847,84.17000000000007,0.01557603891133982,8.72,0.9
233,600761.SH,20190730,9.55,2897.1602,0.52,12.1322,15.470000000000027,0.005339711625197677,8.72,0.9
234,600761.SH,20190718,9.4,2544.6277999999998,0.52,11.9417,-338.5,-0.13302534854016765,8.72,0.9
235,600761.SH,20190717,9.51,2327.7802,0.52,12.0814,113.22000000000003,0.04863861287246967,8.72,0.9
236,600761.SH,20190716,9.57,2863.1602,0.52,12.1576,-214.35000000000002,-0.07486482942868514,8.72,0.9
237,600761.SH,20190715,9.54,2731.0711,0.52,12.1195,-141.31,-0.05174160423725329,8.72,0.9
238,600761.SH,20190710,9.45,2067.7521,0.52,12.0052,14.719999999999999,0.007118841760576617,8.72,0.9
239,600761.SH,20190703,9.83,5052.9344,0.52,12.4879,-185.5,-0.03671134143360341,8.72,0.9
240,600761.SH,20190627,9.68,4002.6711999999998,0.52,12.2974,-172.47000000000003,-0.04308872534921181,8.72,0.9
241,600761.SH,20190621,9.75,6494.7887,0.52,12.3863,-508.12,-0.07823503172628234,8.72,0.9
242,600761.SH,20190612,9.76,3936.7877999999996,0.52,12.399,-206.05000000000004,-0.05233962572227034,8.72,0.9
243,600761.SH,20190604,9.68,3099.0196,0.75,12.2974,92.26999999999998,0.029773932375258286,8.72,0.9
244,600761.SH,20190524,9.76,3083.2178,0.75,12.399,-398.06999999999994,-0.1291086215187263,8.72,0.9
245,600761.SH,20190523,9.85,3498.7297,0.75,12.5133,-1046.29,-0.29904853753063576,8.72,0.9
246,600761.SH,20190521,10.12,4748.3955000000005,0.75,12.8563,-348.44999999999993,-0.07338268263458675,8.72,0.9
247,600761.SH,20190516,10.37,6260.0307999999995,0.75,13.1739,-422.4799999999998,-0.06748848583939872,8.72,0.9
248,600761.SH,20190509,10.0,7690.972400000001,0.75,12.7039,304.20999999999975,0.0395541661285899,8.72,0.9
249,600761.SH,20190508,10.11,8600.445,0.75,12.8436,-1290.4900000000002,-0.15004921256981474,8.72,0.9
250,600761.SH,20190425,11.92,14197.2614,0.75,15.143,1232.0599999999995,0.08678152534403569,13.82,35.22
251,600761.SH,20190418,12.36,10258.4871,0.8,15.702,-1014.24,-0.09886837991929628,13.82,35.22
252,600761.SH,20190412,12.45,13255.2446,0.83,15.8163,-285.52999999999986,-0.02154090766457828,13.82,35.22
253,600761.SH,20190411,12.39,13710.2302,0.83,15.7401,-1803.9999999999995,-0.13158057696215775,13.82,35.22
254,600761.SH,20190410,12.5,19829.119,0.83,15.8799,1990.4499999999998,0.10038015304663812,13.82,35.22
255,600761.SH,20190402,11.82,14533.917800000001,0.83,15.016,-1347.2100000000003,-0.09269420802696436,13.82,35.22
256,600761.SH,20190326,10.97,16072.4045,0.83,13.9362,-4.879999999999654,-0.0003036260069238336,13.82,35.22
257,600761.SH,20190318,10.86,13424.150599999999,0.83,19.7061,-300.97000000000025,-0.022420040490308584,17.51,29.04
258,600761.SH,20190313,10.53,11350.3015,0.83,19.1073,-2163.2999999999997,-0.1905940560257364,17.51,29.04
259,600761.SH,20190308,10.23,11205.2679,0.83,18.563,-988.98,-0.08826027265265117,17.51,29.04
260,600761.SH,20190307,10.7,16246.2777,0.83,19.4158,-1146.4100000000005,-0.07056447151583532,17.51,29.04
261,600761.SH,20190306,10.69,13316.203599999999,0.83,19.3977,-3341.8400000000006,-0.25096041637573047,17.51,29.04
262,600761.SH,20190305,10.75,16248.8275,0.83,19.5065,758.15,0.04665875122374214,17.51,29.04
263,600761.SH,20190304,10.38,16565.7104,0.83,18.8352,1033.9500000000003,0.06241507155648455,17.51,29.04
264,600761.SH,20190301,10.35,8727.658,0.83,18.7807,36.430000000000234,0.004174086564803552,17.51,29.04
265,600761.SH,20190228,10.43,15132.7698,0.83,18.9259,2284.97,0.1509948297766348,17.51,29.04
266,600761.SH,20190227,10.08,8216.739599999999,0.83,18.2908,-494.6499999999999,-0.06020027700524914,17.51,29.04
267,600761.SH,20190226,10.19,12821.277,0.83,18.4904,-1030.67,-0.08038746842455709,17.51,29.04
268,600761.SH,20190225,10.31,17653.298600000002,0.83,18.7081,1043.2800000000002,0.05909830358842965,17.51,29.04
269,600761.SH,20190222,10.0,9730.3721,0.83,18.1456,1249.7900000000002,0.12844215895916253,17.51,29.04
270,600761.SH,20190221,9.69,7351.0044,0.83,17.5831,80.19999999999982,0.010910073730876806,17.51,29.04
271,600761.SH,20190220,9.78,4784.4758999999995,0.83,17.7464,32.85000000000002,0.006865955788386357,17.51,29.04
272,600761.SH,20190219,9.81,7125.4301000000005,0.83,17.8009,169.65000000000003,0.023809089082215545,17.51,29.04
273,600761.SH,20190218,9.89,7601.4973,0.83,17.946,-196.60999999999996,-0.02586464116747104,17.51,29.04
274,600761.SH,20190215,9.67,5350.2828,0.83,17.5468,-485.56000000000006,-0.09075408126090084,17.51,29.04
275,600761.SH,20190214,9.77,5585.0248,0.83,17.7283,-174.12000000000012,-0.031176226827139625,17.51,29.04
276,600761.SH,20190213,9.83,7860.561500000001,0.83,17.8371,-749.9399999999999,-0.09540539820215131,17.51,29.04
277,600761.SH,20190212,9.77,5973.0442,0.83,17.7283,-484.4899999999999,-0.08111274314695342,17.51,29.04
278,600761.SH,20190211,9.76,7678.9779,0.83,17.7101,324.0000000000001,0.04219311531030713,17.51,29.04
279,600761.SH,20190201,9.45,4103.8661,0.83,17.1476,-691.9300000000001,-0.1686044288823166,17.51,29.04
280,600761.SH,20190131,9.2,4201.7411,0.83,16.694,-395.76,-0.09418952538508381,17.51,29.04
281,600761.SH,20190130,9.42,3580.7288,0.83,17.0932,-101.61000000000001,-0.028376904723976866,17.51,29.04
282,600761.SH,20190129,9.36,4406.1889,0.83,16.9843,801.45,0.18189188393625158,17.51,29.04
283,600761.SH,20190128,9.37,5513.2162,0.83,17.0024,-177.53999999999985,-0.03220261886337776,17.51,29.04
284,600761.SH,20190125,9.45,3159.931,0.83,17.1476,211.93000000000006,0.06706792015395274,17.51,29.04
285,600761.SH,20190124,9.39,2315.0882,0.83,17.0387,-245.08999999999997,-0.10586637692680562,17.51,29.04
286,600761.SH,20190123,9.35,2696.0879,0.83,16.9662,-316.27,-0.1173070061996124,17.51,29.04
287,600761.SH,20190122,9.33,5721.8043,0.83,16.9299,-443.77000000000004,-0.07755770325804398,17.51,29.04
288,600761.SH,20190121,9.58,4526.2972,0.83,17.3835,316.67999999999995,0.06996447338897674,17.51,29.04
289,600761.SH,20190118,9.42,2350.5804,0.83,17.0932,139.66,0.05941511296529147,17.51,29.04
290,600761.SH,20190117,9.39,3295.4843,0.83,17.0387,-460.14000000000004,-0.13962742896393104,17.51,29.04
291,600761.SH,20190116,9.45,4999.4385,0.83,17.1476,-242.30999999999995,-0.04846744289383696,17.51,29.04
292,600761.SH,20190115,9.48,6663.123799999999,0.83,17.2021,140.04000000000002,0.021017169154203624,17.51,29.04
293,600761.SH,20190114,9.38,7348.0992,0.83,17.0206,641.4,0.08728787983700602,17.51,29.04
294,600761.SH,20190111,9.21,3545.6063000000004,0.83,16.7121,-588.9299999999998,-0.16610135197469605,17.51,29.04
295,600761.SH,20190110,9.25,3813.0179,0.83,16.7847,-365.44999999999993,-0.09584271817868989,17.51,29.04
296,600761.SH,20190109,9.18,4117.9455,0.83,16.6577,-10.86999999999989,-0.0026396658236491695,17.51,29.04
297,600761.SH,20190108,9.17,4651.0903,0.83,16.6395,218.8500000000002,0.04705348335206483,17.51,29.04
298,600761.SH,20190107,9.17,5775.0242,0.83,16.6395,164.34000000000006,0.028457023608662986,17.51,29.04
299,600761.SH,20190104,8.959999999999999,4648.507100000001,0.83,16.2585,458.49,0.09863166606758543,17.51,29.04
300,600761.SH,20190103,8.780000000000001,3052.9591,0.83,15.9319,120.51000000000005,0.03947317866131913,17.51,29.04
301,600761.SH,20190102,8.75,2908.4386999999997,0.83,15.8774,-207.40999999999997,-0.07131317569113628,17.51,29.04
302,600761.SH,20181228,8.75,4043.4386,0.83,15.8774,-130.92000000000002,-0.03237838210279736,17.51,29.04
303,600761.SH,20181227,8.82,5286.2716,0.83,16.0044,-161.32999999999996,-0.030518674068884383,17.51,29.04
304,600761.SH,20181224,9.0,3215.4947,0.83,16.3311,144.92000000000002,0.04506927036763581,17.51,29.04
305,600761.SH,20181221,8.87,2377.7791,0.83,16.0952,31.29000000000002,0.013159338476816463,17.51,29.04
306,600761.SH,20181220,8.959999999999999,2646.4681,0.83,16.2585,-29.19999999999999,-0.011033573387867396,17.51,29.04
307,600761.SH,20181219,8.94,2210.5546999999997,0.83,16.2222,22.850000000000023,0.0103367720328296,17.51,29.04
308,600761.SH,20181218,9.06,5190.9468,0.83,16.4399,685.0100000000001,0.13196243891384132,17.51,29.04
309,600761.SH,20181217,8.93,2913.493,0.83,16.204,-398.93,-0.13692499003773134,17.51,29.04
310,600761.SH,20181214,8.950000000000001,4591.8044,0.83,16.2403,-171.6300000000001,-0.037377463203789804,17.51,29.04
311,600761.SH,20181213,9.18,5667.5555,0.83,16.6577,753.3200000000002,0.132917974954105,17.51,29.04
312,600761.SH,20181212,9.04,3210.1037,0.83,16.4036,-161.51,-0.05031301636766438,17.51,29.04
313,600761.SH,20181211,9.08,3625.6733999999997,0.83,16.4762,6.7000000000000455,0.0018479325799174427,17.51,29.04
314,600761.SH,20181210,8.91,4702.1578,0.83,16.1678,-686.41,-0.1459776615748625,17.51,29.04
315,600761.SH,20181207,9.08,5113.3165,0.83,16.4762,-1428.0700000000002,-0.27928449177749903,17.51,29.04
316,600761.SH,20181206,9.2,8945.333,0.83,16.694,-1427.5099999999998,-0.15958153821663204,17.51,29.04
317,600761.SH,20181205,9.43,9541.208,0.83,17.1113,-244.99999999999966,-0.02567809023763025,17.51,29.04
318,600761.SH,20181204,9.49,8357.6399,0.83,17.2202,496.0600000000002,0.05935407674121018,17.51,29.04
319,600761.SH,20181203,9.41,11782.1479,0.83,17.075,-158.54000000000013,-0.013455950591148166,17.51,29.04
320,600761.SH,20181130,9.32,6679.789,0.83,16.9117,267.5999999999999,0.040061145643971674,17.51,29.04
321,600761.SH,20181129,9.13,8010.7905,0.83,16.567,-0.11999999999989086,-1.4979795065155038e-05,17.51,29.04
322,600761.SH,20181128,9.25,7538.018399999999,0.83,16.7847,-1367.66,-0.18143495112720875,17.51,29.04
323,600761.SH,20181127,9.29,6073.1645,0.83,16.8573,391.70000000000005,0.06449685332910052,17.51,29.04
324,600761.SH,20181126,9.34,9946.8349,0.83,16.948,1105.74,0.11116500988671281,17.51,29.04
325,600761.SH,20181123,9.19,13090.7003,0.83,16.6758,-2096.83,-0.160177068601899,17.51,29.04
326,600761.SH,20181122,9.57,14617.3155,0.83,17.3654,-1134.7500000000005,-0.07763053345875995,17.51,29.04
327,600761.SH,20181121,9.84,17893.779199999997,0.83,17.8553,-695.4399999999995,-0.03886490339614784,17.51,29.04
328,600761.SH,20181120,10.01,45424.9608,0.83,18.1638,-3405.579999999999,-0.07497155616697855,17.51,29.04
329,600761.SH,20181119,9.52,18992.926,0.83,17.2746,-933.1099999999997,-0.049129344262174225,17.51,29.04
330,600761.SH,20181116,8.65,6462.7142,0.83,15.696,110.06,0.017029996468047433,17.51,29.04
331,600761.SH,20181115,8.549999999999999,4678.765,0.83,15.5145,-500.2100000000001,-0.10691069117598342,17.51,29.04
332,600761.SH,20181114,8.48,5987.7077,0.83,15.3875,-197.30000000000013,-0.03295084026897307,17.51,29.04
333,600761.SH,20181113,8.52,9264.9102,0.83,15.4601,-912.4600000000002,-0.09848557409655197,17.51,29.04
334,600761.SH,20181112,8.44,4138.234399999999,0.83,15.3149,219.36,0.05300811379848373,17.51,29.04
335,600761.SH,20181109,8.27,2410.1366000000003,0.83,15.0064,-122.11999999999998,-0.05066932720742881,17.51,29.04
336,600761.SH,20181108,8.31,4192.1134,0.83,15.079,-172.26,-0.041091445665568105,17.51,29.04
337,600761.SH,20181107,8.38,4147.4045,0.83,15.206,-354.22,-0.0854076326531449,17.51,29.04
338,600761.SH,20181106,8.44,4274.6574,0.83,15.3149,-23.310000000000002,-0.005453068589777511,17.51,29.04
339,600761.SH,20181105,8.42,9199.4274,0.88,15.2786,114.5,0.012446426828695881,17.51,29.04
340,600761.SH,20181102,8.52,9194.5619,0.88,15.4601,725.3000000000002,0.0788835844370138,17.51,29.04
341,600761.SH,20181101,8.3,8424.0509,0.88,15.0609,-79.47000000000003,-0.009433703682868302,17.51,29.04
342,600761.SH,20181031,8.27,8030.897500000001,0.88,15.0064,404.40999999999997,0.050356762740403536,17.51,29.04
343,600761.SH,20181030,8.2,5824.1952,0.9,14.8794,24.66999999999996,0.004235778361274698,17.51,29.04
344,600761.SH,20181029,8.35,6811.066099999999,0.9,15.1516,126.93999999999994,0.018637317291635147,17.51,29.04
345,600761.SH,20181026,8.73,7894.9981,0.9,15.8411,-537.88,-0.06812921208936074,17.51,29.04
346,600761.SH,20181025,9.05,5058.7394,0.9,16.4218,-441.62000000000006,-0.08729842853735459,23.2,52.44
347,600761.SH,20181024,9.33,3192.4055,0.9,16.9299,-9.110000000000014,-0.002853647508125147,23.2,52.44
348,600761.SH,20181023,9.26,2538.6705,0.91,16.8028,-134.28,-0.0528938276944566,23.2,52.44
349,600761.SH,20181022,9.26,4114.8111,0.91,16.8028,-297.99,-0.07241887726024653,23.2,52.44
350,600761.SH,20181019,8.969999999999999,2554.0783,0.91,16.2766,126.91000000000003,0.04968915792440663,23.2,52.44
351,600761.SH,20181018,8.89,2757.5405,0.91,16.1315,-119.48999999999998,-0.04333209249329247,23.2,52.44
352,600761.SH,20181016,9.47,3946.7877999999996,0.91,17.1839,-132.07999999999998,-0.0334651890836391,23.2,52.44
353,600761.SH,20181015,9.21,6759.8357000000005,0.91,16.7121,492.36,0.0728360897883953,23.2,52.44
354,600761.SH,20181012,9.45,4029.2406,0.91,17.1476,-362.90999999999997,-0.09006908150384466,23.2,52.44
355,600761.SH,20181011,9.1,4236.6676,0.91,16.5125,-307.59000000000003,-0.07260187228282909,23.2,52.44
356,600761.SH,20181010,9.63,3906.1429,0.91,17.4742,182.77999999999997,0.04679296295074099,23.2,52.44
357,600761.SH,20181009,9.31,4297.6144,0.91,16.8936,333.76,0.07766169063469258,23.2,52.44
358,600761.SH,20181008,9.35,3307.2336999999998,0.91,16.9662,-491.16,-0.1485108234111185,23.2,52.44
359,600761.SH,20180928,9.57,2682.4181,0.91,17.3654,-4.139999999999986,-0.0015433835612725646,23.2,52.44
360,600761.SH,20180927,9.44,2961.7138999999997,0.91,17.1295,-50.51999999999998,-0.017057690818819464,23.2,52.44
361,600761.SH,20180926,9.51,3558.6971,0.91,17.2565,85.95999999999998,0.02415490770484512,23.2,52.44
362,600761.SH,20180921,9.41,3410.6061999999997,0.91,17.075,-342.34000000000003,-0.10037511806552163,23.2,52.44
363,600761.SH,20180920,9.31,2189.551,0.91,16.8936,102.50999999999999,0.04681781789965157,23.2,52.44
364,600761.SH,20180919,9.33,3048.8899,0.91,16.9299,397.77,0.13046387801671683,23.2,52.44
365,600761.SH,20180918,9.34,3473.9152999999997,0.91,16.948,-224.18,-0.06453237360162467,23.2,52.44
366,600761.SH,20180917,9.21,2752.3208,0.91,16.7121,-80.94999999999999,-0.029411542433570966,23.2,52.44
367,600761.SH,20180914,9.16,2712.3843,0.91,16.6214,-281.36,-0.10373161354753455,23.2,52.44
368,600761.SH,20180913,9.15,5049.2549,0.91,16.6032,395.40000000000003,0.07830858370806355,23.2,52.44
369,600761.SH,20180912,9.23,2953.558,0.91,16.7484,-113.22,-0.03833342700566571,23.2,52.44
370,600761.SH,20180911,9.14,4804.444,0.91,16.5851,-742.28,-0.15449862668812456,23.2,52.44
371,600761.SH,20180910,9.51,2484.2535,0.91,17.2565,151.32999999999998,0.06091568352424581,23.2,52.44
372,600761.SH,20180907,9.52,2192.4764999999998,0.91,17.2746,51.47,0.023475736227959572,23.2,52.44
373,600761.SH,20180906,9.47,2378.2101,0.91,17.1839,-201.01999999999998,-0.08452575321246848,23.2,52.44
374,600761.SH,20180905,9.5,5826.5513,0.91,17.2383,-146.75,-0.02518642545891598,23.2,52.44
375,600761.SH,20180904,9.93,1954.6245,0.91,18.0186,-8.26000000000002,-0.0042258756093561806,23.2,52.44
376,600761.SH,20180903,9.909999999999998,3639.9767,0.91,17.9823,-644.2,-0.17697915483909554,23.2,52.44
377,600761.SH,20180831,9.79,2418.6922,0.91,17.7646,-295.45,-0.12215278984237846,23.2,52.44
378,600761.SH,20180830,9.84,3057.0366000000004,0.91,17.8553,-526.54,-0.17223869678236758,23.2,52.44
379,600761.SH,20180829,10.01,2665.7405,0.91,18.1638,-341.78,-0.12821202964054454,23.2,52.44
380,600761.SH,20180828,10.08,3407.4551,0.91,18.2908,140.36000000000007,0.04119203214152405,23.2,52.44
381,600761.SH,20180827,10.14,5756.2372000000005,0.91,18.3997,-317.7799999999999,-0.05520620310782187,23.2,52.44
382,600761.SH,20180824,9.98,8307.3326,0.91,18.1093,270.02,0.03250381476239437,23.2,52.44
383,600761.SH,20180823,10.18,4801.2927,0.91,18.4722,-300.38,-0.06256231785244003,23.2,52.44
384,600761.SH,20180822,10.23,8095.1417,0.91,18.563,228.23999999999998,0.028194688673578126,23.2,52.44
385,600761.SH,20180821,10.38,11159.1643,0.91,18.8352,-1100.0,-0.0985736897878634,23.2,52.44
386,600761.SH,20180820,9.93,5198.1316,0.91,18.0186,-161.63000000000005,-0.031093864572416762,23.2,52.44
387,600761.SH,20180817,9.94,8144.0896999999995,0.91,18.0367,-901.7099999999998,-0.1107195565392655,19.85,31.18
388,600761.SH,20180816,9.68,5392.0500999999995,0.91,17.565,29.22999999999996,0.005420943696350293,19.85,31.18
389,600761.SH,20180815,9.94,6036.9226,0.91,18.0367,555.8999999999999,0.09208334060801109,19.85,31.18
390,600761.SH,20180814,9.96,6358.0025000000005,0.91,18.073,30.92999999999998,0.0048647354259454875,19.85,31.18
391,600761.SH,20180813,10.2,6662.894,0.91,18.5085,688.02,0.10326143564643231,19.85,31.18
392,600761.SH,20180810,9.98,3550.7511,0.91,18.1093,334.93,0.09432652150695665,19.85,31.18
393,600761.SH,20180809,9.79,2678.1850999999997,0.91,17.7646,-29.980000000000018,-0.01119414785781611,19.85,31.18
394,600761.SH,20180808,9.64,4362.1764,0.91,17.4924,-522.6800000000001,-0.11982092241845149,19.85,31.18
395,600761.SH,20180807,10.03,5657.8933,0.91,18.2001,89.41000000000008,0.01580270168756984,19.85,31.18
396,600761.SH,20180806,9.64,2808.7919,0.91,17.4924,-258.62,-0.09207517295959163,19.85,31.18
397,600761.SH,20180803,9.7,5010.7038999999995,0.91,17.6013,-429.4,-0.08569654255562777,19.85,31.18
398,600761.SH,20180802,9.63,7231.9443,0.91,17.4742,-785.5899999999999,-0.10862777247883393,19.85,31.18
399,600761.SH,20180801,9.89,6961.3712,0.91,17.946,-1234.9399999999998,-0.17739895841210132,19.85,31.18
400,600761.SH,20180731,9.87,4455.049300000001,0.91,17.9097,-192.46000000000004,-0.04320041980231285,19.85,31.18
401,600761.SH,20180730,9.81,5083.5027,0.91,17.8009,-17.87999999999988,-0.003517259861000936,19.85,31.18
402,600761.SH,20180727,9.74,4670.2517,0.91,17.6738,-55.08000000000004,-0.011793796895357919,19.85,31.18
403,600761.SH,20180726,9.65,5334.305,0.91,17.5105,-1044.74,-0.19585306801917024,19.85,31.18
404,600761.SH,20180725,9.61,7155.4038,0.91,17.4379,-1379.66,-0.19281371653686408,19.85,31.18
405,600761.SH,20180724,9.59,11347.2555,0.91,17.4017,-1217.2399999999998,-0.1072717539496665,19.85,31.18
406,600761.SH,20180723,9.47,13786.084700000001,0.91,17.1839,1229.0399999999997,0.08915076519151226,19.85,31.18
407,600761.SH,20180720,8.700000000000001,1223.7084,0.92,15.7867,-48.890000000000015,-0.039952328512250154,19.85,31.18
408,600761.SH,20180719,8.63,1130.5929,0.92,15.6597,-177.05,-0.15659924982723666,19.85,31.18
409,600761.SH,20180718,8.62,1826.0747,0.92,15.6415,-251.26999999999998,-0.1376011616611303,19.85,31.18
410,600761.SH,20180717,8.64,2470.525,0.92,15.6778,-439.22,-0.1777840742352334,19.85,31.18
411,600761.SH,20180716,8.729999999999999,1710.4324000000001,0.92,15.8411,-19.920000000000016,-0.011646177890456246,19.85,31.18
412,600761.SH,20180713,8.67,1101.1135,0.92,15.7323,-79.57,-0.07226321355609572,19.85,31.18
413,600761.SH,20180712,8.71,2838.3462,0.92,15.8048,-655.42,-0.2309161581487135,19.85,31.18
414,600761.SH,20180711,8.56,2537.3239000000003,0.92,15.5327,-207.23000000000002,-0.08167266307624343,19.85,31.18
415,600761.SH,20180710,8.74,2078.0735,0.92,15.8593,60.24000000000001,0.028988387561845148,19.85,31.18
416,600761.SH,20180709,8.53,1409.2118,0.93,15.4782,-93.46999999999997,-0.0663278578848119,19.85,31.18
417,600761.SH,20180706,8.37,2311.3738000000003,0.93,15.1879,-191.55,-0.0828727919300634,19.85,31.18
418,600761.SH,20180705,8.38,2866.0950000000003,0.93,15.206,-335.44,-0.11703729290201476,19.85,31.18
419,600761.SH,20180704,8.61,3065.1492,0.93,15.6234,-7.959999999999923,-0.0025969372061888287,19.85,31.18
420,600761.SH,20180703,8.93,3385.4088,0.93,16.204,459.9,0.13584770028364077,19.85,31.18
421,600761.SH,20180629,9.08,3177.1326,0.93,16.4762,-186.63000000000005,-0.05874164647707812,19.85,31.18
422,600761.SH,20180628,8.870000000000001,1293.8163,0.93,16.0952,-76.4,-0.05905011399222595,19.85,31.18
423,600761.SH,20180627,8.97,1877.5908,0.93,16.2766,88.57000000000001,0.04717215273956392,19.85,31.18
424,600761.SH,20180626,8.92,1829.1014,0.93,16.1859,-32.599999999999966,-0.017822959405093652,19.85,31.18
425,600761.SH,20180625,8.950000000000001,3284.9709000000003,0.93,16.2403,-530.81,-0.16158742836960896,19.85,31.18
426,600761.SH,20180622,9.01,3584.3966,0.93,16.3492,-122.57000000000005,-0.034195434735096016,19.85,31.18
427,600761.SH,20180621,9.16,3936.7423000000003,0.95,16.6214,-428.70000000000005,-0.10889714574408389,19.85,31.18
428,600761.SH,20180620,9.93,4861.4524,0.95,18.0186,-163.23999999999992,-0.03357844252470721,19.85,31.18
429,600761.SH,20180619,9.74,5978.6667,0.96,17.6738,-232.13,-0.038826382477551394,19.85,31.18
430,600761.SH,20180615,10.31,5555.0252,0.96,18.7081,-146.3699999999999,-0.02634911539195176,19.85,31.18
431,600761.SH,20180614,10.32,3775.9656000000004,0.96,18.7263,321.64000000000004,0.08518086075784165,19.85,31.18
432,600761.SH,20180613,10.15,3231.8442999999997,0.96,18.4178,-414.28,-0.12818686840823365,19.85,31.18
433,600761.SH,20180612,10.31,6209.136,0.96,18.7081,284.79000000000013,0.045866284777785524,19.85,31.18
434,600761.SH,20180611,10.07,2708.8182,0.96,18.2726,314.64,0.11615397445277058,19.85,31.18
435,600761.SH,20180608,10.02,3127.1361,0.96,18.1819,-116.95999999999994,-0.037401634038249865,19.85,31.18
436,600761.SH,20180607,10.09,3135.0225,0.96,18.3089,-80.25,-0.02559790240739899,19.85,31.18
437,600761.SH,20180606,10.12,3011.2095,0.96,18.3634,-358.45000000000005,-0.11903854580692577,19.85,31.18
438,600761.SH,20180605,10.08,2892.9371,0.96,18.2908,150.02,0.0518573321210475,19.85,31.18
439,600761.SH,20180604,10.05,4507.1857,0.96,18.2364,584.7800000000001,0.12974393311551377,19.85,31.18
440,600761.SH,20180601,9.75,2657.5389,0.96,17.692,-20.95999999999998,-0.007886996498903545,19.85,31.18
441,600761.SH,20180531,9.64,2980.0467,0.96,17.4924,-342.11999999999995,-0.11480357002459055,19.85,31.18
442,600761.SH,20180530,9.56,2694.4444,0.96,17.3472,-165.20999999999998,-0.06131505255777406,19.85,31.18
443,600761.SH,20180529,9.89,2719.9705000000004,0.97,17.946,-28.99000000000001,-0.010658203829784186,19.85,31.18
444,600761.SH,20180528,9.72,2620.3545,0.97,17.6375,-776.2399999999999,-0.296234727018806,19.85,31.18
445,600761.SH,20180525,9.85,1952.4946,0.97,17.8734,-149.88000000000005,-0.07676333650295374,19.85,31.18
446,600761.SH,20180524,10.02,1914.7802,0.97,18.1819,8.009999999999991,0.004183247769117307,19.85,31.18
447,600761.SH,20180523,10.0,2479.6670999999997,0.97,18.1456,-198.50000000000003,-0.08005106814539745,19.85,31.18
448,600761.SH,20180521,10.04,2760.0158,0.97,18.2182,-266.78,-0.09665886695286308,19.85,31.18
449,600761.SH,20180518,9.96,1372.0369,0.97,18.073,-68.99000000000001,-0.05028290419885938,19.85,31.18
450,600761.SH,20180517,9.97,1639.5025,0.97,18.0912,61.59,0.037566273915410314,19.85,31.18
451,600761.SH,20180516,9.95,3743.7981,0.97,18.0549,-358.12000000000006,-0.09565686782094367,19.85,31.18
452,600761.SH,20180515,9.95,2586.1441,0.97,18.0549,-84.90000000000003,-0.032828797126965986,19.85,31.18
453,600761.SH,20180514,9.84,2202.3158,0.98,17.8553,-118.17000000000002,-0.053657154891228596,19.85,31.18
454,600761.SH,20180511,9.8,2110.5552,1.01,17.7827,-380.09999999999997,-0.18009479211915425,19.85,31.18
455,600761.SH,20180510,9.94,2353.1506,1.02,18.0367,-299.31,-0.12719542897084446,19.85,31.18
456,600761.SH,20180509,9.93,2853.0605,1.02,18.0186,-190.39,-0.0667318481329085,19.85,31.18
457,600761.SH,20180508,9.85,2299.9806,1.02,17.8734,-431.77,-0.18772767039861118,19.85,31.18
458,600761.SH,20180507,9.86,2455.7673,1.02,17.8916,-138.7700000000001,-0.05650779697245749,19.85,31.18
459,600761.SH,20180504,9.840000000000002,4601.6677,1.02,17.8553,-434.1300000000001,-0.09434188392177908,19.85,31.18
460,600761.SH,20180503,9.67,2101.9296,1.02,17.5468,136.55999999999997,0.0649688743143443,19.85,31.18
461,600761.SH,20180502,9.68,2553.6347,1.02,17.565,19.389999999999986,0.007593098574357556,19.85,31.18
462,600761.SH,20180427,9.61,2972.7848999999997,1.02,17.4379,-204.38000000000005,-0.06875034920959135,19.85,31.18
463,600761.SH,20180426,9.49,4896.6614,1.02,17.2202,328.20000000000005,0.06702525929197392,35.32,3.09
464,600761.SH,20180425,9.38,1749.395,1.02,17.0206,-270.2800000000001,-0.15449912684099365,35.32,3.09
465,600761.SH,20180424,9.32,1660.9855,1.02,16.9117,-33.079999999999984,-0.01991588728498833,35.32,3.09
466,600761.SH,20180423,9.19,2676.991,1.02,16.6758,-601.0699999999999,-0.22453194650262176,35.32,3.09
467,600761.SH,20180420,9.2,3035.0663,1.02,16.694,-606.6800000000001,-0.1998901967973484,35.32,3.09
468,600761.SH,20180419,9.55,2197.6907,1.02,17.3291,-11.359999999999985,-0.005169062234280731,35.32,3.09
469,600761.SH,20180418,9.52,3582.5498,1.02,17.2746,-451.18000000000006,-0.1259382353875444,35.32,3.09
470,600761.SH,20180417,9.51,3997.6663999999996,1.02,17.2565,-1169.58,-0.2925656828193568,35.32,3.09
471,600761.SH,20180416,9.77,3128.7158,1.02,17.7283,-775.4199999999998,-0.24783970471207384,35.32,3.09
472,600761.SH,20180413,9.86,3811.2028,1.02,17.8916,317.05000000000007,0.0831889607134,35.32,3.09
473,600761.SH,20180412,9.76,2703.9710999999998,1.02,17.7101,-125.06,-0.046250494319262515,35.32,3.09
474,600761.SH,20180411,9.85,3598.1483999999996,1.02,17.8734,-74.76999999999998,-0.02078013235918785,35.32,3.09
475,600761.SH,20180410,9.78,4960.6281,1.03,17.7464,-655.78,-0.1321969691700936,35.32,3.09
476,600761.SH,20180409,9.76,3157.0526999999997,1.04,17.7101,-742.7600000000001,-0.23527006692032737,35.32,3.09
477,600761.SH,20180404,9.81,3104.7358,1.06,17.8009,28.629999999999953,0.009221396551680808,35.32,3.09
478,600761.SH,20180403,9.81,4364.3366000000005,1.06,17.8009,-625.4899999999999,-0.143318459900641,35.32,3.09
479,600761.SH,20180329,9.95,3731.7223,1.06,18.0549,481.90999999999997,0.12913876254939977,35.32,3.09
480,600761.SH,20180328,9.8,5148.4863,1.06,17.7827,-684.23,-0.1328992562338177,35.32,3.09
481,600761.SH,20180327,10.07,6493.9023,1.08,18.2726,-1078.7900000000002,-0.16612353407287944,35.32,3.09
482,600761.SH,20180326,9.88,4738.8203,1.1,17.9279,-680.96,-0.1436982111349527,35.32,3.09
483,600761.SH,20180323,9.84,8652.6456,1.11,17.8553,-2133.8599999999997,-0.24661359064561708,35.32,3.09
484,600761.SH,20180322,10.22,6543.156300000001,1.13,18.5448,356.6199999999999,0.0545027481614645,35.32,3.09
485,600761.SH,20180321,10.4,9274.2077,1.21,18.8714,-1663.4799999999998,-0.17936626543311077,35.32,3.09
486,600761.SH,20180320,10.6,9709.7266,1.23,19.2344,-1175.8999999999996,-0.12110536665368103,38.7,13.66
487,600761.SH,20180319,10.64,5337.5887999999995,1.31,19.9036,507.47,0.09507476484513008,38.7,13.66
488,600761.SH,20180316,10.4,4926.3795,1.31,19.4546,-1194.57,-0.24248436402433063,38.7,13.66
489,600761.SH,20180315,10.58,5071.9368,1.31,19.7913,-1551.75,-0.3059482129193723,38.7,13.66
490,600761.SH,20180314,10.55,6527.741,1.31,19.7352,-1342.67,-0.2056867758693245,38.7,13.66
491,600761.SH,20180313,10.79,6009.4553,1.31,20.1842,123.32,0.020520994639896897,38.7,13.66
492,600761.SH,20180312,10.78,6880.2737,1.32,20.1655,-186.32999999999993,-0.02708177147080645,38.7,13.66
493,600761.SH,20180309,10.76,4289.7479,1.32,20.128,-83.81999999999991,-0.019539609775203783,38.7,13.66
494,600761.SH,20180308,10.77,5780.9941,1.32,20.1468,75.24000000000001,0.013015062582402568,38.7,13.66
495,600761.SH,20180307,10.57,6506.0936,1.32,19.7726,401.0000000000001,0.061634526745818735,38.7,13.66
496,600761.SH,20180306,10.73,5147.1366,1.32,20.0719,-240.95999999999992,-0.046814378308902845,38.7,13.66
497,600761.SH,20180305,10.7,8781.3742,1.32,20.0158,1574.3000000000002,0.17927717964689402,38.7,13.66
498,600761.SH,20180302,10.5,3463.5649,1.33,19.6417,-461.0600000000001,-0.13311718224191502,38.7,13.66
499,600761.SH,20180301,10.65,4436.326,1.35,19.9223,-169.93,-0.03830421840054135,38.7,13.66
500,600761.SH,20180228,10.63,6341.3772,1.36,19.8849,184.5900000000001,0.029108818822510683,38.7,13.66
501,600761.SH,20180227,10.45,5920.669400000001,1.36,19.5481,-479.57000000000016,-0.08099928700629698,38.7,13.66
502,600761.SH,20180226,10.57,9110.437399999999,1.36,19.7726,-747.5699999999998,-0.08205643342656632,38.7,13.66
503,600761.SH,20180223,10.15,2352.1889,1.4,18.987,-101.19,-0.04301950408829835,38.7,13.66
504,600761.SH,20180222,10.18,3012.1429,1.4,19.0431,-9.940000000000026,-0.003299976239507105,38.7,13.66
505,600761.SH,20180214,10.04,1281.2297,1.4,18.7812,-94.99000000000001,-0.07413971124771772,38.7,13.66
506,600761.SH,20180213,10.03,2503.0412,1.4,18.7625,-171.13000000000005,-0.06836883068484852,38.7,13.66
507,600761.SH,20180212,9.95,2387.2493999999997,1.4,18.6128,215.54,0.0902880109635801,38.7,13.66
508,600761.SH,20180209,9.87,6195.7096,1.41,18.4632,-1173.46,-0.18939880590917302,38.7,13.66
509,600761.SH,20180208,10.13,2676.1573,1.41,18.9495,-573.04,-0.21412792140432105,38.7,13.66
510,600761.SH,20180207,10.1,4562.2651,1.41,18.8934,111.41999999999986,0.02442207928688753,38.7,13.66
511,600761.SH,20180206,10.02,5159.4967,1.41,18.7438,-968.0699999999999,-0.18762876619341573,38.7,13.66
512,600761.SH,20180205,10.29,3563.1308,1.41,19.2488,-154.2399999999999,-0.043287773774681494,38.7,13.66
513,600761.SH,20180202,10.26,4200.3691,1.41,19.1927,-390.86,-0.09305372711174359,38.7,13.66
514,600761.SH,20180201,10.03,6179.3423,1.41,18.7625,-1394.42,-0.22565831965644628,38.7,13.66
515,600761.SH,20180131,10.36,4904.9354,1.41,19.3798,-1012.56,-0.20643696958781554,38.7,13.66
516,600761.SH,20180130,10.45,6392.7896,1.41,19.5481,61.64999999999992,0.009643677307947053,38.7,13.66
517,600761.SH,20180129,10.59,8886.768,1.51,19.81,-402.9499999999996,-0.045342693766732695,38.7,13.66
518,600761.SH,20180126,10.5,4860.3138,1.51,19.6417,-680.8500000000001,-0.14008354769192066,38.7,13.66
519,600761.SH,20180125,10.61,5586.7096,1.54,19.8475,-536.2900000000001,-0.0959938923619728,38.7,13.66
520,600761.SH,20180124,10.6,5802.5808,1.59,19.8287,-834.8800000000001,-0.14388080558912686,38.7,13.66
521,600761.SH,20180123,10.66,7032.9018,1.59,19.941,902.2699999999999,0.12829270557993572,38.7,13.66
522,600761.SH,20180122,10.52,4508.796899999999,1.62,19.6791,-30.859999999999985,-0.006844397892484354,38.7,13.66
523,600761.SH,20180119,10.41,5619.4837,1.62,19.4733,-1.2100000000000932,-0.0002153222724002373,38.7,13.66
524,600761.SH,20180118,10.33,3789.9387,1.62,19.3237,-205.76999999999995,-0.05429375414436121,38.7,13.66
525,600761.SH,20180117,10.28,5299.4977,1.62,19.2301,-930.34,-0.17555248679511645,38.7,13.66
526,600761.SH,20180116,10.4,4183.0822,1.62,19.4546,29.239999999999867,0.00699006106071735,38.7,13.66
527,600761.SH,20180115,10.24,8899.0381,1.62,19.1553,-2698.02,-0.30318108200930166,38.7,13.66
528,600761.SH,20180112,10.64,4319.1314,1.62,19.9036,-164.89000000000004,-0.03817665746404475,38.7,13.66
529,600761.SH,20180111,10.64,4819.4852,1.62,19.9036,-440.6,-0.09142055255196137,38.7,13.66
530,600761.SH,20180110,10.69,8307.6889,1.62,19.9971,-712.64,-0.08578077592674421,38.7,13.66
531,600761.SH,20180109,10.85,7531.1298,1.62,20.2964,-707.3,-0.09391685162563523,38.7,13.66
532,600761.SH,20180108,10.98,13757.6018,1.62,20.5396,701.1700000000003,0.05096600484540847,38.7,13.66
533,600761.SH,20180105,10.89,14226.867000000002,1.63,20.3712,4134.01,0.29057767954111047,38.7,13.66
534,600761.SH,20180104,10.65,5661.8171,1.63,19.9223,-752.4,-0.13289019880207714,38.7,13.66
535,600761.SH,20180103,10.65,8413.248,1.63,19.9223,34.99999999999979,0.004160105585856947,38.7,13.66
536,600761.SH,20180102,10.73,7652.7701,1.63,20.0719,228.58999999999992,0.029870229604832887,38.7,13.66
537,600761.SH,20171229,10.52,4562.1587,1.63,19.6791,-9.139999999999986,-0.0020034375393385563,38.7,13.66
538,600761.SH,20171228,10.45,6321.1904,1.63,19.5481,-894.5699999999999,-0.14151923030193805,38.7,13.66
539,600761.SH,20171227,10.45,7109.385799999999,1.63,19.5481,-479.0800000000002,-0.06738697455411694,38.7,13.66
540,600761.SH,20171222,10.17,3046.5866,1.63,19.0244,-296.3,-0.0972563852279794,38.7,13.66
541,600761.SH,20171221,10.24,4778.2384,1.63,19.1553,-264.6099999999999,-0.05537814940334494,38.7,13.66
542,600761.SH,20171220,10.1,2766.8452,1.63,18.8934,-128.45000000000005,-0.046424715050917935,38.7,13.66
543,600761.SH,20171219,10.08,2529.1886999999997,1.63,18.856,-27.67,-0.010940267129929848,38.7,13.66
544,600761.SH,20171218,10.06,2565.355,1.63,18.8186,10.450000000000031,0.004073510293896958,38.7,13.66
545,600761.SH,20171215,10.08,2986.5901000000003,1.63,18.856,-270.66,-0.09062509113654398,38.7,13.66
546,600761.SH,20171214,10.04,2587.2859,1.63,18.7812,45.770000000000024,0.01769035265874561,38.7,13.66
547,600761.SH,20171213,10.03,2896.8677,1.64,18.7625,19.860000000000014,0.0068556807064402755,38.7,13.66
548,600761.SH,20171212,9.98,2919.2428,1.64,18.669,-393.62,-0.13483633495644828,38.7,13.66
549,600761.SH,20171211,10.1,3530.4625,1.64,18.8934,151.0399999999999,0.04278193012955099,38.7,13.66
550,600761.SH,20171208,10.0,5400.7293,1.65,18.7064,-284.2799999999999,-0.05263733547985823,38.7,13.66
551,600761.SH,20171207,9.98,3066.3943,1.5,18.669,8.75,0.0028535143050585506,38.7,13.66
552,600761.SH,20171206,10.01,3948.8051,1.41,18.7251,-179.18000000000006,-0.045375751768554004,38.7,13.66
553,600761.SH,20171205,9.93,7061.006200000001,1.41,18.5754,-1083.29,-0.15341864449857018,38.7,13.66
554,600761.SH,20171204,10.06,6673.0648,1.3,18.8186,-1220.52,-0.18290246484643757,38.7,13.66
555,600761.SH,20171201,10.26,4523.1955,1.32,19.1927,-401.28000000000003,-0.08871604156840004,38.7,13.66
556,600761.SH,20171130,10.21,6914.5133000000005,1.32,19.0992,-1606.5100000000002,-0.23233884010317835,38.7,13.66
557,600761.SH,20171129,10.43,8266.6573,1.31,19.5107,144.60000000000002,0.01749195530338484,38.7,13.66
558,600761.SH,20171128,10.45,12860.732399999999,1.58,19.5481,-1395.2399999999998,-0.10848837815799665,38.7,13.66
559,600761.SH,20171127,10.62,10428.122500000001,1.82,19.8662,-870.1499999999999,-0.08344263312978915,38.7,13.66
560,600761.SH,20171124,10.85,12135.1546,2.01,20.2964,1454.7400000000002,0.11987815960745982,38.7,13.66
561,600761.SH,20171123,10.85,16223.0963,2.09,20.2964,-60.62000000000012,-0.003736647978844835,38.7,13.66
562,600761.SH,20171122,11.04,12678.572400000001,1.97,20.6518,-718.36,-0.05665937594046471,38.7,13.66
563,600761.SH,20171121,11.15,16476.278299999998,2.01,20.8576,833.2400000000006,0.05057210037536212,38.7,13.66
564,600761.SH,20171120,11.06,21236.784099999997,2.05,20.6892,-1010.0399999999995,-0.04756087339984775,38.7,13.66
565,600761.SH,20171117,10.58,10958.384699999999,2.04,19.7913,-1081.9899999999998,-0.09873626721646302,38.7,13.66
566,600761.SH,20171116,10.76,5996.737999999999,2.02,20.128,-293.96000000000004,-0.049019983864561044,38.7,13.66
567,600761.SH,20171115,10.77,8798.9838,2.0,20.1468,-369.60999999999984,-0.04200598710046492,38.7,13.66
568,600761.SH,20171114,10.81,12129.0348,2.0,20.2216,-1179.03,-0.0972072402661422,38.7,13.66
569,600761.SH,20171113,10.8,16155.153,2.01,20.2029,425.6799999999994,0.026349487374090444,38.7,13.66
570,600761.SH,20171110,10.62,13206.5143,2.03,19.8662,-830.2899999999997,-0.06286973088727885,38.7,13.66
571,600761.SH,20171109,10.510000000000002,12343.1653,2.03,19.6604,2321.86,0.1881089609972249,38.7,13.66
572,600761.SH,20171108,10.19,4571.7449,1.99,19.0618,-303.9699999999999,-0.06648883668027933,38.7,13.66
573,600761.SH,20171107,10.19,3242.7375,1.98,19.0618,69.62000000000006,0.0214695145690948,38.7,13.66
574,600761.SH,20171106,10.15,3950.0527,1.94,18.987,-121.01999999999998,-0.03063756592412045,38.7,13.66
575,600761.SH,20171103,10.09,6151.0379,1.97,18.8747,-1339.43,-0.21775674638584164,38.7,13.66
576,600761.SH,20171102,10.2,5555.2239,2.05,19.0805,-1132.89,-0.20393237435488426,38.7,13.66
577,600761.SH,20171101,10.18,7057.1855,2.17,19.0431,-1044.92,-0.1480646923621322,38.7,13.66
578,600761.SH,20171031,10.340000000000002,5854.055200000001,2.29,19.3424,227.27999999999992,0.03882436913133308,37.73,15.26
579,600761.SH,20171030,10.23,7380.2300000000005,2.42,19.1366,-1173.68,-0.15903027412424817,37.73,15.26
580,600761.SH,20171027,10.42,4898.4317,2.56,19.492,393.46000000000015,0.0803236676751051,37.73,15.26
581,600761.SH,20171026,10.54,7005.3725,2.62,19.7165,737.8799999999999,0.10533058734564077,37.73,15.26
582,600761.SH,20171025,10.48,10148.5201,2.52,19.6043,1944.6800000000005,0.19162202772796405,37.73,15.26
583,600761.SH,20171024,10.260000000000002,3997.353,2.5,19.1927,-532.64,-0.13324817698111724,37.73,15.26
584,600761.SH,20171023,10.239999999999998,3753.228,2.5,19.1553,-154.82999999999993,-0.04125248985673131,37.73,15.26
585,600761.SH,20171020,10.19,2921.9717,2.47,19.0618,-132.0100000000001,-0.04517839786059533,37.73,15.26
586,600761.SH,20171019,10.03,4563.2889000000005,2.44,18.7625,-826.52,-0.18112375045989307,37.73,15.26
587,600761.SH,20171018,10.23,2494.9309000000003,2.42,19.1366,94.72000000000003,0.037964979310649453,37.73,15.26
588,600761.SH,20171017,10.23,2749.3517,2.39,19.1366,296.43999999999994,0.10782178213140207,37.73,15.26
589,600761.SH,20171016,10.21,4940.6332,2.37,19.0992,-522.3400000000001,-0.10572329069075602,37.73,15.26
590,600761.SH,20171013,10.3,3742.3985999999995,2.36,19.2676,-122.49000000000001,-0.03273034571998825,37.73,15.26
591,600761.SH,20171012,10.28,3368.4472,2.38,19.2301,-527.79,-0.15668643997150972,37.73,15.26
592,600761.SH,20171011,10.37,6014.3243,2.39,19.3985,-490.51,-0.08155695894217077,37.73,15.26
593,600761.SH,20171010,10.33,4543.719999999999,2.37,19.3237,334.0699999999999,0.07352345655101986,37.73,15.26
594,600761.SH,20171009,10.27,4934.5427,2.37,19.2114,95.85000000000002,0.01942429234627963,37.73,15.26
